0.2	0.000806781640908	1.0	0.0492984732549	0.0466725414878	1.64126951624e-07	-7.69252124331e-09	1.72228720153e-07	-3.8628765385e-12	8.53580637131e-12	-7.41771236219e-12	-8.71730547695e-13	6.37515032539e-14	-5.38644651154e-15	2.9437361178e-14	-2.7677043242e-15	0.0	
0.2	1.00080678164	1.0	0.0482862287803	0.0462997188983	2.37788187536e-07	4.39590378989e-08	1.78097557241e-07	-2.04978772668e-11	8.30657115885e-13	-6.42304996468e-12	-8.50404695443e-12	1.4829038432e-13	3.10341460548e-14	4.49422993862e-14	1.84001516558e-14	0.0	
0.2	2.00080678164	1.0	0.0468512652877	0.0454710365417	3.86988853442e-07	1.18434519125e-07	2.09509655118e-07	-2.66339120113e-11	8.88349743449e-12	1.3575105848e-11	-1.49293830419e-12	3.42513525174e-13	9.54598605339e-14	8.76478324922e-14	6.00681349538e-14	0.0	
0.2	3.00080678164	1.0	0.0458455084796	0.0451248376471	5.42498152814e-07	1.61145415383e-07	2.42673157174e-07	7.32789883229e-11	7.1942205128e-11	4.18978022719e-11	1.99557943351e-11	5.92967738358e-13	1.67050458266e-13	1.53371477628e-13	9.8582992602e-14	0.0	
0.2	4.00080678164	1.0	0.0457830698964	0.04522830427	6.18400989377e-07	1.2966639056e-07	2.7091475456e-07	1.06415023928e-11	3.7024144133e-11	3.48697103902e-11	1.02328500482e-11	8.18226306332e-13	1.80282651482e-13	1.75903575809e-13	9.17567014506e-14	0.0	
0.2	5.00080678164	1.0	0.0461357884474	0.0453847637462	6.45247044896e-07	1.15863815745e-07	2.80461650563e-07	-8.55020373993e-11	1.73100816989e-11	-1.06872188355e-12	6.19996422426e-13	8.71159696434e-13	1.544720983e-13	1.94653209297e-13	8.75987778087e-14	0.0	
0.2	6.00080678164	1.0	0.0461540202835	0.0453756609834	6.5987376288e-07	8.27477394775e-08	2.91456190049e-07	-1.72139809757e-10	2.41978192137e-12	-1.11258209363e-11	-1.41453122826e-11	9.63138955378e-13	1.24232619061e-13	1.9611591005e-13	7.72580430836e-14	0.0	
0.2	7.00080678164	1.0	0.045665034876	0.045339348155	6.88992980942e-07	5.40357607792e-08	3.17604092584e-07	-4.8249777439e-11	2.25545681133e-11	-2.05599541588e-12	-5.27253136507e-12	1.05862469364e-12	1.0410605706e-13	2.04239429219e-13	5.01647738366e-14	0.0	
0.2	8.00080678164	1.0	0.0451503578781	0.0453608442847	7.10800849643e-07	1.3565231274e-08	3.50779824602e-07	1.85620836348e-11	4.19807034005e-11	-1.0354051778e-13	-1.23757148856e-11	1.02593566664e-12	6.62990913208e-14	2.28959962353e-13	2.37895924662e-14	0.0	
0.2	9.00080678164	1.0	0.0450870789077	0.0454223014976	7.27718742476e-07	-1.5412550351e-08	3.86419019281e-07	6.10593845435e-11	4.70834204657e-11	4.01220926575e-12	-3.4334657521e-11	1.14059982676e-12	1.95503506421e-14	2.57512335948e-13	-9.03951052524e-15	0.0	
0.2	10.0008067816	1.0	0.0452812380885	0.0453861575168	7.23426903522e-07	-2.80045197458e-08	4.2409399538e-07	-3.45711263288e-11	4.70693925631e-11	-2.09300952918e-11	1.93703646505e-12	1.19176282853e-12	-9.70365638242e-15	2.9611350133e-13	-3.37434580287e-14	0.0	
0.2	11.0008067816	1.0	0.0452791592933	0.0453046270918	7.13896433393e-07	-5.46230019216e-08	4.73780378989e-07	-6.74836435646e-11	4.31367290292e-11	-1.67232767726e-11	1.80256703728e-11	1.12520378015e-12	-1.06334030546e-14	2.98735169688e-13	-4.36818427815e-14	0.0	
0.2	12.0008067816	1.0	0.0449756268397	0.0453422544697	7.06681557309e-07	-5.93087731367e-08	5.22409201915e-07	-7.36794886758e-11	4.18086345099e-11	-2.11025938057e-11	9.38225025463e-12	1.17131397976e-12	-3.66618441709e-14	3.28233070897e-13	-7.67844527384e-14	0.0	
0.2	13.0008067816	1.0	0.0446858920796	0.0454864011089	7.04637709866e-07	-6.09695710031e-08	5.68804997794e-07	6.60684503607e-12	4.28319466378e-11	-2.36874808136e-11	-4.08286918457e-11	1.18022647135e-12	-3.78448440561e-15	3.35282090366e-13	-8.69366379692e-14	0.0	
0.2	14.0008067816	1.0	0.044614693986	0.0455297478801	7.0042782768e-07	-8.34574774605e-08	6.15173931031e-07	3.1439522874e-11	2.93370545441e-11	-3.77873481957e-11	-1.4415590836e-11	1.17228341132e-12	-3.51683505699e-14	3.42307141177e-13	-1.13769514887e-13	0.0	
0.2	15.0008067816	1.0	0.0446644070264	0.0454046508938	6.92990877482e-07	-5.16854286639e-08	6.57117608794e-07	2.32029491836e-11	8.65063745917e-12	-1.28084426045e-11	-2.64234563214e-12	1.15867892176e-12	7.48051093785e-15	3.9347332546e-13	-3.5230619592e-14	0.0	
0.2	16.0008067816	1.0	0.0446243132457	0.0453116272606	6.88251304421e-07	-3.86525956854e-08	7.01374494935e-07	-1.07187134989e-11	2.68955622438e-11	-7.13260822461e-12	1.77123601486e-11	1.19954961211e-12	1.93471331093e-14	3.63245997576e-13	-8.53850823711e-14	0.0	
0.2	17.0008067816	1.0	0.0444654873639	0.0453884682805	6.92389273925e-07	-4.68528650592e-08	7.90624097524e-07	-5.6039978257e-12	4.46089221888e-11	-1.96033079373e-11	6.84691016009e-12	1.22880576289e-12	7.04501157825e-15	4.30846983786e-13	-1.07847851936e-13	0.0	
0.2	18.0008067816	1.0	0.044275238399	0.045529916188	6.98181291228e-07	7.95564971162e-09	8.1937509233e-07	-7.91707314603e-12	-5.63316604816e-11	-4.37828793033e-10	-1.57223298885e-09	1.32332943337e-12	4.95526483977e-13	2.27476028847e-12	7.7917887136e-12	0.0	
0.2	19.0008067816	1.0	0.0441896578886	0.0455608036577	7.13965486082e-07	-1.15100586878e-08	8.43428285309e-07	1.15258053015e-11	8.74982941138e-12	-9.00318614625e-11	-2.49927172515e-10	1.32506824054e-12	3.4976436577e-14	5.02608392016e-13	4.43487540792e-13	0.0	
0.2	20.0008067816	1.0	0.0441680847341	0.0454406632508	7.40078811526e-07	1.53424658796e-08	8.59296164558e-07	5.61818469366e-11	1.39957790693e-10	2.03592327598e-10	4.69083317139e-10	2.02904212042e-12	1.08900295058e-12	2.28684806268e-12	3.16338981218e-12	0.0	
0.2	21.0008067816	1.0	0.0441135188318	0.0453530147143	7.4386404511e-07	2.40080765162e-08	8.48766449328e-07	-2.16925283947e-10	4.81116083495e-11	-1.53531959564e-11	-3.90589369633e-11	3.41115308488e-12	-2.32337461497e-13	4.70621527731e-13	-2.29931120635e-14	0.0	
0.2	22.0008067816	1.0	0.0440305329892	0.0454461552306	7.59917453415e-07	1.03986322917e-08	8.7569047405e-07	-4.25086630023e-11	4.08380335642e-11	-2.6586046829e-11	8.318953459e-13	1.77195977575e-12	-5.98899399768e-14	5.11806192264e-13	-3.69011515288e-14	0.0	
0.2	23.0008067816	1.0	0.0439426457075	0.0455739874329	7.76654880841e-07	2.84675287116e-08	8.95195828742e-07	8.04658316646e-11	1.74921949202e-11	-9.4743808056e-12	-1.0446257843e-11	1.87267069198e-12	8.9624938215e-14	5.74053012957e-13	3.75297735901e-14	0.0	
0.2	24.0008067816	1.0	0.0438520929069	0.0455839163859	7.91673483325e-07	3.85582049111e-08	9.16912816083e-07	1.35392923688e-10	-6.35306019545e-11	2.18643014758e-11	5.16031408413e-11	2.53075957504e-12	-5.28350095025e-13	8.2458744879e-13	-1.50853137483e-13	0.0	
0.2	25.0008067816	1.0	0.0437412133967	0.0454772602424	8.07867768886e-07	1.8611158881e-08	9.38699647515e-07	2.17734627486e-11	4.80253598465e-12	-1.86631154956e-11	2.78203305725e-11	1.75488806131e-12	7.13825419209e-14	5.84138846089e-13	3.66590018339e-15	0.0	
0.2	26.0008067816	1.0	0.0436604160924	0.0454236620526	8.22036280226e-07	3.2884365917e-08	9.61015298466e-07	-1.16568793411e-10	8.51766975261e-11	-7.03272975065e-11	9.34764281618e-11	2.52068775749e-12	-5.03094355796e-13	9.45750345019e-13	-2.37924837576e-13	0.0	
0.2	27.0008067816	1.0	0.0436406582923	0.0454880929464	8.33371391096e-07	3.49905535516e-08	9.83872590118e-07	1.74802760239e-11	3.26585288678e-11	-7.02002217135e-11	3.09690672474e-11	1.6843568443e-12	-4.34338836279e-14	6.9076979323e-13	-1.12239035652e-13	0.0	
0.2	28.0008067816	1.0	0.0436216417305	0.0455850703481	8.42372115728e-07	1.49740308758e-08	1.00702637794e-06	7.95513565936e-12	7.26531456765e-12	-3.93342434713e-11	1.60208972469e-11	2.01693159326e-12	3.32063310388e-14	6.79231665307e-13	-2.93823675357e-14	0.0	
0.2	29.0008067816	1.0	0.0435115929194	0.0455952687929	8.50717243674e-07	3.76540447696e-08	1.03400647683e-06	1.88185241873e-11	-4.5903486594e-11	2.9460556929e-11	-9.55775233932e-11	1.98179967375e-12	-2.47603914016e-13	1.0335044863e-12	-5.4614882106e-13	0.0	
0.2	30.0008067816	1.0	0.043373326684	0.0455264638982	8.55293888618e-07	2.94026624403e-08	1.06320457236e-06	-4.42340221548e-11	1.19648442763e-11	-9.27862461137e-12	3.32522332673e-12	1.80351093266e-12	5.06266064759e-14	6.79812461014e-13	-1.39336797806e-14	0.0	
0.2	31.0008067816	1.0	0.0432956933242	0.0454884999715	8.58939330724e-07	2.39155803074e-09	1.09270823689e-06	-6.03658996118e-13	6.64224135343e-11	-6.51745064012e-11	8.52659921291e-11	1.97735776755e-12	-1.1752044524e-13	9.41911305245e-13	-4.62313003911e-13	0.0	
0.2	32.0008067816	1.0	0.0433010108889	0.0455326566335	8.6055322608e-07	4.52244847852e-08	1.12682805147e-06	4.08701564373e-11	6.60073380849e-13	-2.96753419007e-11	9.23284008245e-11	1.78633646141e-12	3.73890071311e-14	7.18051341953e-13	-7.87123717307e-14	0.0	
0.2	33.0008067816	1.0	0.0433067967573	0.0455818629248	8.58655122429e-07	2.19275965983e-08	1.15851079854e-06	4.68242112258e-11	1.72830096505e-12	-3.57593232633e-11	2.52509017057e-11	1.86161045839e-12	2.34926480822e-14	7.50260682705e-13	-5.68861940859e-14	0.0	
0.2	34.0008067816	1.0	0.0432051621661	0.0455971286862	8.62144477831e-07	7.59023699446e-09	1.19158676538e-06	-7.32627974138e-12	-2.81576172204e-11	1.52848162514e-11	-9.57748556347e-11	1.85105354416e-12	3.25082364951e-14	8.10164192498e-13	-3.17890171558e-13	0.0	
0.2	35.0008067816	1.0	0.0430560735246	0.0455799917886	8.69401618997e-07	4.72000855251e-08	1.22844847986e-06	-1.30010165314e-11	2.63867165629e-11	-6.02526857694e-11	4.42265854739e-11	1.86917938211e-12	4.54764093689e-14	7.78450146432e-13	8.49757914528e-14	0.0	
0.2	36.0008067816	1.0	0.0429822319204	0.0455745018339	8.73101517788e-07	3.74798240315e-08	1.25927545405e-06	6.9846954289e-11	9.15308188267e-11	4.34011791494e-11	2.27012614933e-10	2.34886049139e-12	6.02969962519e-13	1.4453405651e-12	7.20535160407e-13	0.0	
0.2	37.0008067816	1.0	0.0429975076228	0.0455734282178	9.35817364206e-07	2.62732982442e-08	1.31046411997e-06	8.04947074799e-11	4.43872132827e-11	-5.42113456953e-11	8.30019527427e-11	2.41334347043e-12	2.10768374621e-13	9.7517367104e-13	7.28418875011e-14	0.0	
0.2	38.0008067816	1.0	0.0430042601941	0.0455727851351	9.10987218354e-07	1.38811873144e-08	1.345029331e-06	7.03569211484e-10	-7.7603544051e-10	6.13503925562e-10	-6.44972244436e-10	2.37252240698e-11	-1.85696993856e-11	1.86083943856e-11	-1.53120341114e-11	0.0	
0.2	39.0008067816	1.0	0.042905617025	0.0455879743467	8.92685490535e-07	4.71049928391e-08	1.35729824281e-06	-9.88509685823e-11	-2.38305087643e-11	-8.83495368813e-11	-1.30069367756e-10	2.53118780917e-12	2.44566036847e-13	1.20839389443e-12	4.35357589079e-13	0.0	
0.2	40.0008067816	1.0	0.0427661206429	0.0456155507638	8.97622088283e-07	3.6878076879e-08	1.38771188591e-06	1.64640598422e-12	-1.80926284819e-11	3.03800894976e-11	-1.28047884366e-11	2.55070816035e-12	-2.2355040325e-14	1.26100504974e-12	-2.68480698168e-13	0.0	
0.2	41.0008067816	1.0	0.0426842506874	0.0456407082899	8.9455292547e-07	5.99532390119e-08	1.41820517957e-06	1.61263127999e-10	-4.95892087844e-12	8.54463058803e-11	-6.95510281757e-11	3.54591271191e-12	3.64981112063e-14	1.96003132795e-12	-7.10224478585e-13	0.0	
0.2	42.0008067816	1.0	0.0426925772247	0.0456189125782	9.04536126186e-07	5.9897907821e-08	1.4493577694e-06	9.06449689247e-11	4.19721059178e-12	-3.35315962946e-11	1.07427325434e-10	2.3654130203e-12	1.4585281053e-13	9.9637654463e-13	1.19729124859e-13	0.0	
0.2	43.0008067816	1.0	0.0426974345473	0.0455809901217	9.04477817432e-07	5.20640533491e-08	1.47790389968e-06	-1.3838755469e-10	-5.88174727321e-12	-1.45230634164e-10	2.97747375018e-10	4.49616367516e-12	1.3399263799e-13	1.93392842187e-12	-1.72952684947e-12	0.0	
0.2	44.0008067816	1.0	0.0426247801395	0.0455879998181	9.05826773536e-07	6.82639257644e-08	1.50951024111e-06	-3.25086216489e-11	-4.55301679515e-11	-6.74113624931e-11	6.10910701592e-11	2.59089894e-12	4.8374370402e-13	1.2653342102e-12	2.26957842037e-13	0.0	
0.2	45.0008067816	1.0	0.0425119632573	0.0456527255319	9.09044769772e-07	5.79372675167e-08	1.53685058704e-06	4.63493351132e-11	3.31379692949e-11	1.61573884193e-11	-1.54227859386e-10	3.14931062795e-12	1.56468079112e-13	1.12229814386e-12	-3.82917971426e-13	0.0	
0.2	46.0008067816	1.0	0.0424363199958	0.0456978244239	9.09652765844e-07	6.55972770167e-08	1.56769068837e-06	9.40130809651e-11	1.63779784925e-11	-4.01903538277e-11	-1.39057124264e-10	2.95728383165e-12	7.68404957381e-14	1.23276889511e-12	-3.97669382051e-13	0.0	
0.2	47.0008067816	1.0	0.0424156860232	0.0456602474334	9.1047816419e-07	6.57107671586e-08	1.59837808447e-06	4.97056431808e-13	4.41990171784e-12	-4.57686926047e-11	3.41828385392e-11	2.52035899291e-12	1.92446209261e-13	1.07162331708e-12	1.13548705973e-13	0.0	
0.2	48.0008067816	1.0	0.0423980934395	0.0455937846405	9.09880067588e-07	5.35845113511e-08	1.6287388108e-06	-9.93658680542e-11	1.05999018578e-11	-4.65614173846e-11	3.88971592003e-10	3.46360370074e-12	-3.39568675386e-13	1.22501797684e-12	1.12662957115e-13	0.0	
0.2	49.0008067816	1.0	0.0423486896865	0.0456045089309	9.1212220365e-07	7.90520333027e-08	1.66112728675e-06	-5.57726402073e-11	1.33270085858e-11	1.09906611205e-11	5.73838370944e-11	2.966272885e-12	1.69368549344e-13	1.14762027725e-12	1.072291591e-13	0.0	
0.2	50.0008067816	1.0	0.0422758401904	0.0456806948265	9.11905031594e-07	6.14354894074e-08	1.72086691732e-06	9.76494243081e-11	-4.42889266847e-11	-8.37335771239e-11	-1.14919674949e-10	3.32561738801e-12	-2.00717074731e-13	1.62401321084e-12	8.73673011382e-13	0.0	
0.2	51.0008067816	1.0	0.042204492145	0.0457214606646	9.19175899801e-07	7.22561803259e-08	1.74956906118e-06	4.91452782864e-11	-1.49182852146e-10	-4.38528618153e-10	-1.29663474526e-09	3.04032555277e-12	1.02272955781e-12	4.45199585656e-12	1.02135643179e-11	0.0	
0.2	52.0008067816	1.0	0.042157885262	0.0456847651695	9.20195949127e-07	7.57139229738e-08	1.77909094396e-06	-5.60166500932e-14	-3.5399292419e-11	-3.42312393258e-11	-5.74187198191e-11	3.20366261933e-12	-1.27445371165e-15	1.45273886704e-12	3.21685496602e-13	0.0	
0.2	53.0008067816	1.0	0.0421217740352	0.0456267964757	9.20391402137e-07	8.10728711356e-08	1.80245038776e-06	1.32368690048e-10	2.13874344115e-10	2.86047621373e-10	6.38741912749e-10	3.70925678305e-12	1.93818965049e-12	5.1110075538e-12	5.96249349075e-12	0.0	
0.2	54.0008067816	1.0	0.0420825030969	0.0456314424521	9.16806671121e-07	6.13157018015e-08	1.81755742252e-06	-3.27165131079e-11	3.54663640546e-11	-6.81958024373e-11	4.32658260715e-11	2.82169239206e-12	-1.59847990618e-13	1.37957767771e-12	6.00305380639e-14	0.0	
0.2	55.0008067816	1.0	0.0420414127679	0.045701195292	9.09784093321e-07	7.09421434304e-08	1.84908149586e-06	-7.74342246453e-11	-9.75962253326e-11	-9.84087294972e-11	6.7416681413e-11	4.26576498193e-12	6.92944782497e-13	2.505861405e-12	-3.90621776319e-14	0.0	
0.2	56.0008067816	1.0	0.0419848784142	0.0457494913771	9.10258865932e-07	7.60813498547e-08	1.88381986349e-06	2.79597531982e-11	-2.04569848023e-11	-4.322054741e-11	9.33631126879e-11	2.40688985517e-12	-1.07113957088e-14	1.40385995329e-12	1.16771467228e-13	0.0	
0.2	57.0008067816	1.0	0.0419149149486	0.0457131341605	9.0574268712e-07	6.69229912674e-08	1.91720409788e-06	9.33975474867e-11	4.20072291244e-11	-3.56172021645e-11	8.81404827701e-11	3.60186322879e-12	1.02180258458e-14	1.6450588509e-12	-1.12663526171e-13	0.0	
0.2	58.0008067816	1.0	0.0418518338541	0.0456585785842	9.07324252675e-07	7.52795664553e-08	1.94791880403e-06	6.22077100089e-11	4.28177628149e-12	-7.78950580231e-12	1.05041387099e-11	2.65041633902e-12	1.86695018691e-13	1.51645977734e-12	-2.34624156466e-13	0.0	
0.2	59.0008067816	1.0	0.0418301209252	0.0456633787005	9.06631554405e-07	8.09556702202e-08	1.98405371293e-06	-5.06858826714e-12	2.42350700049e-11	-9.37287410473e-11	5.33398648934e-11	2.54046702719e-12	-3.96779111791e-14	1.63526400245e-12	-1.33048093278e-13	0.0	
0.2	60.0008067816	1.0	0.0418263650658	0.0457140900989	9.04130666241e-07	7.99108662306e-08	2.01224667086e-06	-1.65106293326e-10	-3.31325977423e-11	-3.17039119944e-11	-6.62885175577e-11	4.81281392679e-12	2.60931469485e-14	1.54547227824e-12	-1.46984765333e-13	0.0	
0.2	61.0008067816	1.0	0.0417811022372	0.0457504670049	9.09033830373e-07	1.01759532184e-07	2.04276571076e-06	8.04533736431e-12	-2.74820511008e-11	-6.93041099372e-11	9.07029512294e-11	2.3487247153e-12	2.3553846505e-13	1.51212371478e-12	5.86917253106e-14	0.0	
0.2	62.0008067816	1.0	0.041686861844	0.0457386589244	9.06983092814e-07	8.91772370772e-08	2.0757427376e-06	1.40756244314e-10	-7.20578888185e-11	-1.51846871277e-11	1.32704218824e-10	3.84535087832e-12	-4.78517309738e-13	1.89418123453e-12	-4.58709770937e-13	0.0	
0.2	63.0008067816	1.0	0.041603589149	0.0457100645854	9.10857282457e-07	9.99884260648e-08	2.10894883946e-06	3.26237735413e-11	5.43123623048e-12	-3.01462810086e-11	4.0772768158e-11	2.54126537183e-12	1.87204346046e-13	1.62346148575e-12	3.87831268503e-13	0.0	
0.2	64.0008067816	1.0	0.0415843676669	0.0457041125192	9.10950516747e-07	1.11142273505e-07	2.1390923711e-06	-6.75571659373e-12	1.17944146503e-11	-4.94786696246e-11	1.10049049701e-10	2.61649983574e-12	2.447927683e-14	1.73517477117e-12	2.90854740867e-14	0.0	
0.2	65.0008067816	1.0	0.0415964747867	0.0457258200613	9.12785674339e-07	1.13304217535e-07	2.16732631232e-06	-6.19595035857e-11	4.93695704688e-11	-1.07927442222e-10	5.25568269622e-12	3.05129969141e-12	-3.16475951294e-13	1.99090414742e-12	2.61909615948e-14	0.0	
0.2	66.0008067816	1.0	0.0415694556326	0.0457508503184	9.30174439682e-07	1.2907073863e-07	2.19365346167e-06	1.16624825917e-11	-2.39875214027e-11	-1.81116299635e-11	1.00546847213e-10	2.63295723842e-12	3.99820174588e-13	1.79857794414e-12	5.02033741135e-13	0.0	
0.2	67.0008067816	1.0	0.0414786193468	0.0457570567376	9.2650956949e-07	1.37381845764e-07	2.21956457267e-06	-1.7623488257e-10	-1.42403507147e-10	1.93016101103e-11	1.08103471944e-11	6.79341429266e-12	6.65868133888e-13	2.58164848679e-12	-2.3347857572e-13	0.0	
0.2	68.0008067816	1.0	0.0413844801302	0.0457448073804	9.37303138562e-07	1.45274229994e-07	2.24740725607e-06	-1.21721943317e-11	-2.10687740618e-11	-3.16500661347e-11	2.90839080085e-11	2.83489758658e-12	3.08395086002e-13	1.71569646819e-12	3.25077586557e-13	0.0	
0.2	69.0008067816	1.0	0.0413483307218	0.0457320851336	9.39617664311e-07	1.53880329877e-07	2.26965564077e-06	8.1118047525e-11	1.09249314228e-11	-1.06605537808e-10	9.56823660193e-11	3.874105052e-12	5.94059768668e-13	2.19055647686e-12	3.01077572048e-13	0.0	
0.2	70.0008067816	1.0	0.0413667179958	0.0457407212055	9.46900185984e-07	1.58862068113e-07	2.29460618512e-06	1.00432428967e-10	-1.83746698259e-11	-1.10019251641e-10	1.38115623535e-10	3.71410574669e-12	-9.89016633765e-14	2.13314153956e-12	2.06883957648e-13	0.0	
0.2	71.0008067816	1.0	0.0413628911668	0.0457631957984	9.54021276445e-07	1.80253284537e-07	2.31612304923e-06	1.16824635024e-11	4.37923307297e-12	-5.86894851013e-11	1.17290069049e-10	2.85809581699e-12	4.85877926709e-13	1.85389893577e-12	5.25841348872e-13	0.0	
0.2	72.0008067816	1.0	0.0412899446885	0.0457806035413	9.55913852275e-07	1.78833403718e-07	2.3376882468e-06	-2.05029203772e-10	2.74690509203e-11	-3.00541964974e-13	-1.79637637798e-11	6.23423050709e-12	-2.96178354719e-13	2.52348246707e-12	4.27602933039e-13	0.0	
0.2	73.0008067816	1.0	0.0411872348372	0.0457805956898	9.73791508394e-07	1.8604278668e-07	2.35711967278e-06	8.54132557613e-12	-1.72803487236e-11	-2.30655754284e-11	3.61093453659e-11	2.59757163415e-12	3.5547158481e-13	1.9590938539e-12	4.20726690281e-13	0.0	
0.2	74.0008067816	1.0	0.0411280405706	0.04577185784	9.73875002143e-07	2.05732701181e-07	2.37604694404e-06	1.30043427073e-10	-9.97785439394e-11	-1.34368645774e-11	7.26078262773e-11	5.60937852326e-12	-2.96570822853e-13	2.61497378149e-12	9.3484827027e-13	0.0	
0.2	75.0008067816	1.0	0.0411268133047	0.0457585451119	9.91971479446e-07	2.09410141627e-07	2.39626750915e-06	-6.97065724813e-12	-1.02799371603e-11	-4.21193775897e-11	7.88000311519e-11	3.02105289513e-12	4.57870766828e-13	2.08371514809e-12	6.38203158209e-13	0.0	
0.2	76.0008067816	1.0	0.0411309091319	0.0457604332999	1.00107817984e-06	2.14789021053e-07	2.41628325911e-06	-8.36470812062e-11	2.68172311749e-11	-6.30582977453e-11	3.18837616677e-11	3.95923049248e-12	5.68635981338e-14	2.29518345115e-12	6.8034539814e-13	0.0	
0.2	77.0008067816	1.0	0.0410878458952	0.0457853966146	1.01323333261e-06	2.31953286067e-07	2.44341724496e-06	-5.31258509007e-11	-2.84580544963e-12	-1.30123510784e-10	4.20719641834e-11	4.14899897369e-12	4.29379976933e-13	2.89184164813e-12	1.04308857622e-12	0.0	
0.2	78.0008067816	1.0	0.0410096315311	0.0458183068786	1.02592558795e-06	2.26399198463e-07	2.46368328492e-06	-7.5342790078e-11	4.00843526931e-11	-1.52434024489e-10	2.89713173267e-10	3.71889030075e-12	-5.01550274354e-13	3.62607082604e-12	-1.47987246715e-12	0.0	
0.2	79.0008067816	1.0	0.0409551173202	0.0458170006307	1.03183642866e-06	2.42409170352e-07	2.48025420728e-06	3.3795330123e-11	-9.11012061005e-11	8.8381889027e-11	8.20384923069e-11	4.5762599054e-12	4.91698717258e-13	3.72749325132e-12	1.69113380282e-13	0.0	
0.2	80.0008067816	1.0	0.0409356552057	0.0457789082842	1.04564764723e-06	2.5155947856e-07	2.49592227421e-06	-2.47824039835e-12	-4.59422447287e-11	3.44887013513e-11	-8.35121419436e-11	3.32188863109e-12	3.3120158599e-13	2.70612570445e-12	-2.15001890331e-13	0.0	
0.2	81.0008067816	1.0	0.040921623713	0.0457570478514	1.05531510223e-06	2.58822529126e-07	2.51517869332e-06	2.62578681578e-12	4.90573655428e-11	-9.13208985242e-11	6.10094996426e-11	4.12522543819e-12	-7.8192323246e-14	3.53336389141e-12	-1.14866754678e-12	0.0	
0.2	82.0008067816	1.0	0.0408775479971	0.0457842775066	1.07106978199e-06	2.78806512215e-07	2.53060802555e-06	-1.62098884203e-11	-3.54580370373e-11	-1.0082709834e-10	1.14174544243e-10	3.74717742973e-12	5.68913248307e-13	2.43609581465e-12	7.90054048224e-13	0.0	
0.2	83.0008067816	1.0	0.0408145209525	0.0458417662799	1.08396524615e-06	2.81615687768e-07	2.55172531244e-06	-2.61678726614e-11	-8.19272631344e-11	-6.57289257433e-11	4.02193320051e-10	3.5302644652e-12	4.35087560417e-13	2.95735392444e-12	-8.07974833256e-13	0.0	
0.2	84.0008067816	1.0	0.0407627395531	0.0458594548055	1.09643710661e-06	2.82158310208e-07	2.56118453768e-06	-1.14176699647e-10	-2.26537876406e-11	-1.66186776847e-12	-1.56298899585e-10	4.15800045303e-12	6.46501341713e-13	2.55717783639e-12	1.68589822271e-13	0.0	
0.2	85.0008067816	1.0	0.0407370820878	0.0458227662335	1.11178376291e-06	3.01720332861e-07	2.57716899702e-06	-1.57717483176e-11	-1.70788593419e-11	-3.42924548906e-11	4.49060492022e-11	3.62137221188e-12	7.00566908052e-13	2.58478338196e-12	8.74035869806e-13	0.0	
0.2	86.0008067816	1.0	0.0407157159064	0.045781524557	1.12176877341e-06	3.15449913341e-07	2.5898923326e-06	6.98756994512e-11	-6.8091366422e-12	-8.99082219318e-11	3.18948402011e-10	4.13031095711e-12	7.36498923173e-13	2.79011596962e-12	-2.113779874e-13	0.0	
0.2	87.0008067816	1.0	0.0406816765417	0.0457965643197	1.13711853841e-06	3.28375631565e-07	2.60611774782e-06	-4.1981580774e-11	-2.12107202778e-11	-4.05732091408e-11	1.37803614756e-10	3.69773622781e-12	7.13671029204e-13	2.69949826755e-12	9.48811735036e-13	0.0	
0.2	88.0008067816	1.0	0.0406415296321	0.045845213081	1.15238676505e-06	3.36139810639e-07	2.62010670482e-06	-6.32895126477e-11	-4.55099946198e-11	-4.84953655995e-12	-1.05952768218e-10	3.9077276016e-12	9.24209764103e-13	2.75312708324e-12	3.4161228061e-13	0.0	
0.2	89.0008067816	1.0	0.0405954614337	0.0458653946017	1.16915554589e-06	3.53017956927e-07	2.63509547532e-06	-6.93742662654e-11	-3.61255881494e-11	-8.01212290294e-11	-5.241787489e-11	3.90049198778e-12	8.65294519958e-13	2.8568510418e-12	1.49968211518e-12	0.0	
0.2	90.0008067816	1.0	0.0405429434141	0.0458289276147	1.18635498759e-06	3.56902911617e-07	2.64923517038e-06	-3.15555243638e-11	-2.05136794955e-11	-3.96922961055e-11	6.12929016288e-11	3.79194128851e-12	9.50166042804e-13	2.84569398622e-12	9.91278428585e-13	0.0	
0.2	91.0008067816	1.0	0.0405013602868	0.0458004376066	1.19887392479e-06	3.6193253666e-07	2.66084289195e-06	4.3988793451e-11	-2.4944549128e-11	-2.08501911656e-13	3.26068243591e-10	4.33379452475e-12	8.60024231545e-13	2.89816759978e-12	1.51256218069e-12	0.0	
0.2	92.0008067816	1.0	0.0404793192182	0.0458266464885	1.2211703229e-06	3.8163823423e-07	2.66705010092e-06	1.73023726913e-12	2.02856629269e-11	-1.84922052022e-11	1.08568876725e-10	4.04085416853e-12	1.24272589716e-12	2.93612343054e-12	1.24158869028e-12	0.0	
0.2	93.0008067816	1.0	0.0404671025808	0.0458799700148	1.23948461763e-06	3.93674903229e-07	2.68049709803e-06	-3.47249231836e-11	1.27937303341e-11	-5.29416148238e-11	7.53515992634e-11	4.25556427867e-12	1.07985756146e-12	2.90241381167e-12	1.1933961551e-12	0.0	
0.2	94.0008067816	1.0	0.040435480561	0.0458887223939	1.25701118337e-06	3.9421084142e-07	2.69340624046e-06	-5.46695268219e-11	-3.62930070458e-11	-8.80438140593e-11	8.20019956664e-11	4.48113698982e-12	1.33634931005e-12	3.09704238504e-12	1.25835149974e-12	0.0	
0.2	95.0008067816	1.0	0.040364272377	0.0458491530075	1.27713432683e-06	4.08022355632e-07	2.70427678427e-06	-9.07873516402e-11	-4.87108337201e-11	-3.50397331899e-11	-2.14184273771e-12	4.5707247636e-12	1.37697785063e-12	2.91474809586e-12	1.34882608973e-12	0.0	
0.2	96.0008067816	1.0	0.0402972712205	0.0458205171289	1.29612585453e-06	4.24826754804e-07	2.71651979664e-06	-5.74415384062e-11	-1.68759276662e-11	-1.71831266566e-11	2.34172590823e-11	4.63922306516e-12	1.27570058301e-12	3.11190494878e-12	1.29620850956e-12	0.0	
0.2	97.0008067816	1.0	0.0402785732265	0.0458416033182	1.31714773297e-06	4.29230193209e-07	2.73000194485e-06	-4.95912690374e-11	-6.94015816469e-12	-4.52041378634e-11	1.140444249e-10	4.8219793015e-12	1.42917044319e-12	3.10070743396e-12	1.3981317342e-12	0.0	
0.2	98.0008067816	1.0	0.0402870982735	0.0458811061792	1.33703262929e-06	4.27914915388e-07	2.74011590866e-06	-4.80171204562e-11	3.40140147005e-11	-5.86295334915e-11	2.15126113995e-10	4.98545961717e-12	1.26459923727e-12	3.29973091188e-12	1.0021139378e-12	0.0	
0.2	99.0008067816	1.0	0.040264395499	0.0458919583684	1.35741885402e-06	4.44299594191e-07	2.75078846579e-06	-3.50397173481e-11	1.07857756451e-11	-7.07787853366e-11	7.48473273159e-11	5.30546809482e-12	1.59040149774e-12	3.14745355622e-12	1.53713457585e-12	0.0	
0.2	100.000806782	1.0	0.0401896366777	0.0458764984573	1.3800176659e-06	4.62305134912e-07	2.75941129985e-06	-6.25039931207e-11	-6.50471034083e-11	-6.51618304992e-11	-1.94542291647e-11	5.1419585384e-12	1.60546193414e-12	3.30708677744e-12	1.97397486944e-12	0.0	
0.2	101.000806782	1.0	0.0401152864042	0.0458670192863	1.40012170977e-06	4.61713951819e-07	2.77192873184e-06	-8.96801684405e-11	-7.93918955104e-12	-6.02304417528e-12	-1.24257249226e-10	5.41132573493e-12	1.51245739135e-12	3.36172376416e-12	1.46382673913e-12	0.0	
0.2	102.000806782	1.0	0.0400984003641	0.0458764568353	1.421355622e-06	4.7023218343e-07	2.7803492963e-06	-8.51595549393e-11	-3.20985801257e-11	-2.51674064924e-11	5.99699399508e-11	5.72920543364e-12	1.55595842753e-12	3.28723964292e-12	1.76960301158e-12	0.0	
0.2	103.000806782	1.0	0.0401149450667	0.0458837801195	1.44427391244e-06	4.84256776023e-07	2.78735322219e-06	-7.99360226151e-11	2.95453755262e-11	1.91589666045e-12	1.93126743897e-10	5.71694862152e-12	1.90222442195e-12	3.63994827325e-12	1.96058472684e-12	0.0	
0.2	104.000806782	1.0	0.0400943539675	0.0458774088226	1.46824264884e-06	4.8790946684e-07	2.79686933786e-06	-7.72213536439e-11	-3.066126661e-11	-4.26799581715e-11	7.26876803433e-11	6.01159195986e-12	1.65952660168e-12	3.49110686833e-12	1.79114905579e-12	0.0	
0.2	105.000806782	1.0	0.0400155036547	0.0458807870401	1.4890860184e-06	5.1040242486e-07	2.80273008799e-06	-1.36579173183e-10	-7.90382660975e-11	-4.10401408606e-11	2.36919501e-11	6.28929886691e-12	1.99588594545e-12	3.68561029051e-12	1.96436980814e-12	0.0	
0.2	106.000806782	1.0	0.0399461729593	0.0459043508831	1.51161235335e-06	5.21118099284e-07	2.8102385002e-06	-8.71416378536e-11	-5.66257283871e-11	-8.10629434941e-11	-4.77202051528e-11	6.46068061933e-12	2.06945196732e-12	3.58116024519e-12	2.12819948394e-12	0.0	
0.2	107.000806782	1.0	0.0399325258028	0.0459194315701	1.53393403798e-06	5.15546449295e-07	2.81777430564e-06	-5.57170414649e-11	-3.52279895925e-11	-8.08289453254e-11	7.01735066693e-11	6.49658865724e-12	1.85023505686e-12	3.72055460689e-12	1.81185930436e-12	0.0	
0.2	108.000806782	1.0	0.0399430813906	0.0458943906671	1.55276300861e-06	5.32897992646e-07	2.8254310965e-06	5.37238006243e-12	3.89755353313e-11	-4.34849100694e-11	1.55598339602e-10	7.08479806219e-12	2.21874832012e-12	3.78890153832e-12	1.94094507588e-12	0.0	
0.2	109.000806782	1.0	0.0399113927225	0.0458665317687	1.58186112954e-06	5.43591703184e-07	2.8310863307e-06	-7.19931433556e-11	3.60111710287e-11	-4.99789927844e-11	4.50614680014e-11	6.92003841177e-12	1.98421752324e-12	3.66804258145e-12	2.04581442931e-12	0.0	
0.2	110.000806782	1.0	0.0398393907812	0.0458856599382	1.60778430037e-06	5.46752026157e-07	2.83797783653e-06	-1.05375434342e-10	2.34796830451e-11	-3.56113061452e-11	1.26181026657e-11	7.60499097023e-12	2.12670125113e-12	3.73883040143e-12	1.94863914875e-12	0.0	
0.2	111.000806782	1.0	0.03978793625	0.0459337248206	1.63880207932e-06	5.54750538534e-07	2.84499208304e-06	-1.32921447726e-10	1.09580583602e-12	-6.80406636828e-11	-2.84620769472e-11	7.44979869186e-12	2.10441666871e-12	3.83555476555e-12	2.22303902802e-12	0.0	
0.2	112.000806782	1.0	0.0397808387482	0.0459506578798	1.66403546192e-06	5.71561475647e-07	2.85221549994e-06	-5.40123722275e-11	-2.58551771772e-11	-4.32648916846e-11	8.05593135405e-11	7.43680890099e-12	1.89321816348e-12	4.04538003376e-12	2.03004942418e-12	0.0	
0.2	113.000806782	1.0	0.039773629341	0.0459154056991	1.68371717915e-06	5.86509127701e-07	2.85678063736e-06	-8.87434401917e-11	-4.51739086809e-11	-8.03313114874e-12	1.10622050868e-10	8.20182053532e-12	2.23681584653e-12	3.98214770092e-12	2.45947493575e-12	0.0	
0.2	114.000806782	1.0	0.0397328360247	0.0458883382214	1.71009625892e-06	5.93905297956e-07	2.86325592689e-06	-5.35589672236e-11	2.57819695381e-11	-2.46418185479e-11	1.68955070816e-11	7.76468545324e-12	2.31761986039e-12	3.97572670868e-12	2.30711374686e-12	0.0	
0.2	115.000806782	1.0	0.0396678632685	0.0459097129771	1.73647070861e-06	6.09180713087e-07	2.86739036208e-06	-5.72411224797e-11	3.11567975277e-11	-1.15667081131e-10	-3.27048393749e-11	8.26184916261e-12	2.0767073774e-12	4.43427194797e-12	2.19395407417e-12	0.0	
0.2	116.000806782	1.0	0.0396213541909	0.0459520242817	1.76569439854e-06	6.10779220582e-07	2.87066497505e-06	-7.48312616744e-11	-2.20605583273e-11	-1.13531857008e-10	-2.48544954286e-11	8.29441702044e-12	2.40095233175e-12	4.26298520573e-12	2.34324998102e-12	0.0	
0.2	117.000806782	1.0	0.0396002314688	0.045961204752	1.80178081104e-06	6.20784779942e-07	2.87584045269e-06	-1.10951815799e-10	-2.34463985724e-11	-7.10296491822e-11	-9.31784781366e-12	8.60485639265e-12	2.52734963832e-12	4.30898424838e-12	2.08596183256e-12	0.0	
0.2	118.000806782	1.0	0.0395877872537	0.0459282056264	1.82678019221e-06	6.36725354991e-07	2.87986652431e-06	-3.64487777676e-11	-1.15258601548e-11	-3.86754450922e-12	3.14338383818e-11	8.89752947773e-12	2.56028061758e-12	4.69386710173e-12	2.05092583674e-12	0.0	
0.2	119.000806782	1.0	0.0395603706429	0.0459058698632	1.85726584027e-06	6.36080078029e-07	2.88276538448e-06	-9.94487229142e-11	1.20841407591e-11	-3.83950036783e-11	5.45445114123e-12	9.10122774064e-12	2.58825953438e-12	4.377406454e-12	2.11159937004e-12	0.0	
0.2	120.000806782	1.0	0.0395225601947	0.0459293615088	1.88988774924e-06	6.5875875818e-07	2.88304694914e-06	-7.67116151517e-11	1.79610083666e-11	-9.53426972692e-11	7.88491507872e-11	9.40408314442e-12	2.87376594146e-12	4.65401849498e-12	2.31479325457e-12	0.0	
0.2	121.000806782	1.0	0.0394865494246	0.0459655448499	1.93641106265e-06	6.68418195805e-07	2.88631467406e-06	-9.99463449189e-11	3.41831700119e-11	-7.72966265961e-11	6.50353818977e-11	9.70274635378e-12	2.84933814609e-12	4.45932798976e-12	2.14874444952e-12	0.0	
0.2	122.000806782	1.0	0.0394513489626	0.0459693124481	1.96425325736e-06	6.53047186532e-07	2.8862236647e-06	1.23313476841e-10	-1.12144216433e-10	5.01735070989e-11	-1.40335404413e-10	1.30239893163e-11	8.22946698757e-13	5.75423542011e-12	1.56578286587e-12	0.0	
0.2	123.000806782	1.0	0.0394049338973	0.045944665426	1.99494113448e-06	6.82782311268e-07	2.88295312175e-06	-1.49745506451e-10	1.38199759645e-12	-4.36175434966e-11	-9.41345959829e-11	1.04990623132e-11	3.01538599314e-12	4.52341568107e-12	2.69211058463e-12	0.0	
0.2	124.000806782	1.0	0.0393719611862	0.0459387706423	2.03057678415e-06	7.02086091109e-07	2.87878372116e-06	-1.05169125161e-10	2.09606141641e-11	-2.01886472195e-11	-1.73287461609e-10	1.05276351363e-11	3.02642426155e-12	4.55033467854e-12	3.05068139829e-12	0.0	
0.2	125.000806782	1.0	0.0393639330041	0.0459603477043	2.07275658542e-06	7.06255126036e-07	2.87320705895e-06	-2.1611847449e-10	-1.28948448073e-11	-8.24993756897e-11	1.38783653228e-10	1.14838574465e-11	3.34669737073e-12	4.65801510157e-12	3.04240600041e-12	0.0	
0.2	126.000806782	1.0	0.0393564082207	0.0459750881778	2.112123624e-06	7.20707961303e-07	2.86552568036e-06	-1.11190983394e-10	-9.00603394783e-12	-8.43213685869e-11	7.5858614071e-11	1.14411348966e-11	3.1095412152e-12	4.68006394453e-12	3.04373452e-12	0.0	
0.2	127.000806782	1.0	0.0393117143905	0.0459620314747	2.1511646758e-06	7.45780703327e-07	2.85587190012e-06	-6.41331061529e-11	-2.92159485535e-11	-1.35471941745e-10	5.60929440125e-11	1.21843845292e-11	3.3754221059e-12	4.9741495901e-12	3.58701860295e-12	0.0	
0.2	128.000806782	1.0	0.039240157636	0.0459458298823	2.20516993475e-06	7.54902862905e-07	2.85533870612e-06	-8.63560139323e-11	-5.5664342109e-11	-9.25339141243e-11	3.42219394988e-11	1.24937403566e-11	3.53249587053e-12	4.79478632794e-12	3.34619064527e-12	0.0	
0.2	129.000806782	1.0	0.0391941457267	0.0459638704283	2.24084061788e-06	7.46186870175e-07	2.84404408234e-06	-2.26981836525e-10	7.58765377613e-11	-3.75215773862e-10	5.5127759771e-10	1.36559299086e-11	2.29230274961e-12	8.89544244529e-12	-4.21920468897e-12	0.0	
0.2	130.000806782	1.0	0.0392003879949	0.0459856403485	2.28316474995e-06	7.6467925732e-07	2.82032170571e-06	-1.41809226846e-10	3.35851897776e-11	-7.02848457371e-11	-5.4281209236e-11	1.37608946542e-11	3.43507778645e-12	4.98504994315e-12	3.3702315132e-12	0.0	
0.2	131.000806782	1.0	0.0392003000589	0.0459878251809	2.33798046978e-06	7.8270500581e-07	2.80562420173e-06	-1.22777675945e-10	4.00073744427e-11	-5.41691099669e-11	-3.7079401849e-11	1.37363279235e-11	3.6161769893e-12	4.86595420507e-12	3.5570587635e-12	0.0	
0.2	132.000806782	1.0	0.0391523144594	0.0459772584618	2.38529033055e-06	7.83658401858e-07	2.78856719683e-06	-7.60655566506e-11	4.07411981761e-11	-6.64487489914e-11	-1.89125144909e-12	1.51046424868e-11	4.10369222647e-12	5.28095182411e-12	3.44585893245e-12	0.0	
0.2	133.000806782	1.0	0.0390796470022	0.0459845990667	2.44288167347e-06	7.83061202663e-07	2.77033840387e-06	-9.76715303564e-11	-2.14087917705e-11	-7.47785683254e-11	-1.96314391665e-11	1.48761006185e-11	3.62780213397e-12	5.01041994807e-12	3.46270450153e-12	0.0	
0.2	134.000806782	1.0	0.0390456622964	0.0460049180707	2.49290913869e-06	8.06146546017e-07	2.75233628191e-06	-1.68437574478e-10	-5.70959980836e-11	-1.0318052954e-10	1.23338262075e-11	1.67225963266e-11	3.76306283652e-12	5.21152207681e-12	3.72342277928e-12	0.0	
0.2	135.000806782	1.0	0.0390535149412	0.0460036422195	2.54640563892e-06	8.1809316901e-07	2.73158751225e-06	-2.28965247146e-10	-4.54104498837e-11	-1.02515202889e-10	-6.95923275287e-11	1.64084683372e-11	3.88132592048e-12	5.24864780594e-12	3.77006314486e-12	0.0	
0.2	136.000806782	1.0	0.0390470954064	0.0459751764632	2.60750689066e-06	8.15341209324e-07	2.70929021957e-06	-2.17431680492e-10	8.08518676882e-12	-1.0251541341e-10	-2.7262817139e-11	1.6531982783e-11	3.72095397449e-12	5.19554864262e-12	3.79700134764e-12	0.0	
0.2	137.000806782	1.0	0.0389922842832	0.0459684025787	2.66037198641e-06	8.18121986652e-07	2.68404391067e-06	-1.44496687687e-11	-6.94971853312e-11	-1.09709881377e-10	-4.59834181561e-11	1.85898687161e-11	3.65816146887e-12	5.27770815212e-12	3.85218023844e-12	0.0	
0.2	138.000806782	1.0	0.0389254656155	0.0460070004908	2.72075308097e-06	8.21180983864e-07	2.65882906307e-06	-7.67678148002e-11	-6.6487422469e-11	-7.67057477997e-11	-4.83219020173e-12	1.78991855613e-11	3.89529152482e-12	5.35143002146e-12	3.9445253545e-12	0.0	
0.2	139.000806782	1.0	0.038898026295	0.0460422280355	2.78083595793e-06	8.08135256288e-07	2.63132611538e-06	-1.25220078155e-10	-6.8936013069e-11	-3.9011403683e-11	-9.72737896772e-11	1.86541686861e-11	3.67753576904e-12	5.53346738802e-12	3.71603814309e-12	0.0	
0.2	140.000806782	1.0	0.0388971054693	0.0460232497524	2.84286198003e-06	8.16134264476e-07	2.60253390583e-06	-2.4054285971e-10	2.78387825744e-11	-1.27277411699e-10	1.53932403817e-11	2.05791477597e-11	3.48193456537e-12	5.65678846186e-12	4.04711829612e-12	0.0	
0.2	141.000806782	1.0	0.0388688081397	0.0459761207199	2.91242746609e-06	8.1805440514e-07	2.57413874357e-06	-1.40724613202e-10	-3.68157630125e-12	-1.22956281982e-10	1.2626085216e-10	2.00883642245e-11	3.76367784226e-12	5.6911135416e-12	3.71989597274e-12	0.0	
0.2	142.000806782	1.0	0.0388110549825	0.0459804877266	2.98110953277e-06	8.03406642648e-07	2.55019882719e-06	3.02757646847e-11	-4.80189544618e-11	-1.08847317562e-10	-5.76867148279e-11	2.1118486002e-11	3.37178591817e-12	5.64230270078e-12	3.94343535375e-12	0.0	
0.2	143.000806782	1.0	0.0387766409085	0.0460493754635	3.04067382103e-06	8.05942137793e-07	2.51965149349e-06	-1.12043748986e-10	-9.86759958691e-11	-1.3769718957e-10	-1.40193621639e-10	2.29170463833e-11	4.33406157288e-12	6.57390193245e-12	4.85660782262e-12	0.0	
0.2	144.000806782	1.0	0.038790458323	0.0460965942469	3.10528706484e-06	7.91602993328e-07	2.49153895086e-06	-1.66228826831e-10	-5.90837469806e-11	-1.10629587287e-10	-1.54182213684e-10	2.22507230422e-11	3.66453244113e-12	5.77481955806e-12	4.11250972227e-12	0.0	
0.2	145.000806782	1.0	0.0387880777031	0.0460525849068	3.16420183343e-06	7.73590142276e-07	2.46686289537e-06	-2.52875608505e-10	5.72933072701e-12	-1.47539198231e-10	2.16250204947e-12	2.38642040963e-11	3.23070482736e-12	6.32080835222e-12	3.95116185631e-12	0.0	
0.2	146.000806782	1.0	0.0387197682524	0.0459786183833	3.21769320743e-06	7.63425204168e-07	2.44208323308e-06	-1.92751706652e-10	-4.20953915239e-11	-1.0945761208e-10	1.43728423226e-10	2.43494747205e-11	3.27870011454e-12	6.14232216382e-12	4.06921438993e-12	0.0	
0.2	147.000806782	1.0	0.038634174507	0.0459820640792	3.27850632052e-06	7.57553018036e-07	2.41675527501e-06	-2.28140495849e-10	-9.64988252049e-11	-6.24694106784e-11	3.62207051696e-11	2.42191058922e-11	3.42126649033e-12	6.18562103557e-12	4.14744053852e-12	0.0	
0.2	148.000806782	1.0	0.0386097242019	0.0460592847201	3.33553329052e-06	7.27785938075e-07	2.39693675282e-06	-2.53797558607e-10	-1.50563809539e-10	-7.73487382837e-11	-1.04495156408e-10	2.64557187917e-11	3.37112949416e-12	6.87371560611e-12	3.92026020257e-12	0.0	
0.2	149.000806782	1.0	0.038632894489	0.0461068343748	3.40120558074e-06	6.89108907443e-07	2.37926480152e-06	-1.33654413388e-10	-1.09810201956e-10	-6.76724360422e-11	2.52385289205e-12	2.54585299249e-11	2.78682346527e-12	6.42406615598e-12	3.90890811697e-12	0.0	
0.2	150.000806782	1.0	0.0386211169377	0.0460669323304	3.4419994999e-06	6.88244412298e-07	2.36418003167e-06	-1.07805312716e-10	-2.10427181054e-11	-4.60510760461e-11	3.32674257108e-11	2.83719580348e-11	3.28358899211e-12	6.41680380438e-12	3.93644025359e-12	0.0	
0.2	151.000806782	1.0	0.0385530023986	0.0460127548789	3.47827001871e-06	6.72153084107e-07	2.35355243313e-06	-1.80980556504e-10	-1.85261744675e-11	-1.53182272315e-10	8.49163845312e-11	2.69387697222e-11	2.68791858323e-12	6.92224346874e-12	3.38413137978e-12	0.0	
0.2	152.000806782	1.0	0.0385013988037	0.0460315227585	3.52485456932e-06	6.45620117899e-07	2.34843818769e-06	-1.91329566055e-10	-7.73503293426e-11	-1.3585524913e-10	-8.61010243945e-12	2.68327052248e-11	2.67897727223e-12	6.73756635279e-12	3.6559207546e-12	0.0	
0.2	153.000806782	1.0	0.0385147878158	0.0461022170983	3.56296942205e-06	6.2227562631e-07	2.34552033919e-06	-1.85301966492e-10	-1.15358385344e-10	-7.5176962998e-11	-6.3958812649e-11	2.82810463078e-11	2.36359302104e-12	7.10059045935e-12	3.6788202088e-12	0.0	
0.2	154.000806782	1.0	0.038543802171	0.04612127859	3.60301013769e-06	5.90397175433e-07	2.34741838409e-06	-2.21178047802e-10	-1.24825881343e-10	-1.28632881196e-10	-1.19048438489e-10	2.78975131539e-11	2.30589621267e-12	7.17713779327e-12	3.06640291029e-12	0.0	
0.2	155.000806782	1.0	0.0384945767965	0.0460608868057	3.64027597949e-06	5.70546586311e-07	2.34978796254e-06	-2.74981103799e-10	-1.88722361445e-10	-7.94156071728e-11	-4.29304785973e-11	2.88147229488e-11	2.1740829791e-12	7.11957532762e-12	3.4128954759e-12	0.0	
0.2	156.000806782	1.0	0.038381188634	0.0460172036801	3.66919523432e-06	5.54706493628e-07	2.35590578665e-06	-3.79174683422e-10	-9.89115543007e-11	-1.03522222883e-10	3.07403812901e-11	2.89368294765e-11	2.10799379329e-12	7.20944049409e-12	3.24549350962e-12	0.0	
0.2	157.000806782	1.0	0.0383189048999	0.0460646219037	3.69529907357e-06	5.29661119126e-07	2.37087059211e-06	-2.85204102122e-10	-8.23171348886e-11	-1.19549941793e-10	4.28123340216e-11	2.94577107051e-11	1.93017042211e-12	7.42111708067e-12	3.04916369376e-12	0.0	
0.2	158.000806782	1.0	0.0383672822649	0.0461406788319	3.72402814789e-06	5.12927092083e-07	2.38888007397e-06	-2.39737798629e-10	-1.43099863945e-10	-4.57789738069e-11	-6.01871709932e-11	2.94906753075e-11	1.83907487401e-12	7.95246533103e-12	1.85888617698e-12	0.0	
0.2	159.000806782	1.0	0.0384241694168	0.0461352091451	3.74169885283e-06	4.94285482257e-07	2.41009596228e-06	-2.29013421386e-10	-1.09155790456e-10	-6.96864625457e-11	-2.33006078843e-12	2.96922622676e-11	2.02575451968e-12	7.59198092128e-12	3.54995826065e-12	0.0	
0.2	160.000806782	1.0	0.0383764548284	0.0460630795481	3.74953686981e-06	4.68967410599e-07	2.43359940048e-06	-2.19410129202e-10	-1.26782574619e-10	-1.22970105609e-10	-5.01773263807e-11	3.01742521569e-11	1.80965407947e-12	7.82070508303e-12	3.00675822661e-12	0.0	
0.2	161.000806782	1.0	0.03825847277	0.0460365468367	3.7638121648e-06	4.73753224985e-07	2.46203427099e-06	-2.83457928797e-10	-1.39877936157e-10	-8.33895976872e-11	1.21953349806e-10	3.00699550069e-11	1.93565389742e-12	7.70183492046e-12	2.48472702461e-12	0.0	
0.2	162.000806782	1.0	0.0382063246261	0.0460913386138	3.7729355376e-06	4.69267155187e-07	2.48742850804e-06	-3.44836997988e-10	-4.14630863214e-11	-6.32685966695e-11	-4.52716222459e-11	3.04546922359e-11	2.0889835465e-12	8.12552516582e-12	3.2642475266e-12	0.0	
0.2	163.000806782	1.0	0.0382528143218	0.0461463212706	3.78327672467e-06	4.39337071371e-07	2.51532365385e-06	-3.34044334128e-10	-6.44187066601e-11	-1.13861482542e-10	-2.17335338456e-10	3.07536549469e-11	1.72671183228e-12	7.69915109768e-12	3.18108168282e-12	0.0	
0.2	164.000806782	1.0	0.0382904027876	0.0461248358354	3.79227312432e-06	4.30065958406e-07	2.54959584463e-06	-3.52491882836e-10	-1.13300572662e-10	-7.65546814599e-11	6.7922253649e-11	3.08237360249e-11	1.73874591626e-12	7.82392605643e-12	3.10782513998e-12	0.0	
0.2	165.000806782	1.0	0.0382249069136	0.0460727314907	3.79320876294e-06	4.38844900781e-07	2.58653681859e-06	-3.14659524239e-10	-5.41416628977e-11	-3.00469862016e-11	8.01662953395e-11	3.09686788066e-11	1.59712458762e-12	7.85280269633e-12	3.17363436815e-12	0.0	
0.2	166.000806782	1.0	0.0381185517065	0.0460761853218	3.79529167792e-06	4.50878672968e-07	2.62071228676e-06	-4.01738009016e-10	-1.17080064268e-10	-7.21456254543e-11	1.21277844869e-10	3.07861720373e-11	1.91189528822e-12	8.04339442976e-12	3.80300404322e-12	0.0	
0.2	167.000806782	1.0	0.0380889918589	0.0461327240263	3.79890510817e-06	4.36093720365e-07	2.65817069e-06	-4.00217530054e-10	-1.1283037456e-10	-1.39996110111e-10	-9.16296620023e-11	3.16212822123e-11	1.79213698674e-12	8.2666901188e-12	3.89555196456e-12	0.0	
0.2	168.000806782	1.0	0.0381354675828	0.0461607632196	3.80143887706e-06	4.30902643482e-07	2.69816441229e-06	-3.67879769373e-10	-1.35342237138e-10	-1.30841022247e-10	-5.59399273701e-11	3.14695069293e-11	1.53638388568e-12	8.75930672931e-12	4.05872471718e-12	0.0	
0.2	169.000806782	1.0	0.0381506609969	0.046124446353	3.79691920714e-06	4.58539563149e-07	2.74361038482e-06	-4.2628948004e-10	-1.22656889931e-10	-5.47290094187e-11	1.94692171615e-11	3.12116098058e-11	2.23955197579e-12	8.56542157735e-12	3.9523352036e-12	0.0	
0.2	170.000806782	1.0	0.0380821055292	0.0460896358999	3.79760215438e-06	4.51714671744e-07	2.78225419402e-06	-3.56187167759e-10	-2.23013529665e-11	1.35933339406e-10	-2.73991182756e-10	3.22059134439e-11	2.20365644342e-12	8.93967604675e-12	2.57620430013e-12	0.0	
0.2	171.000806782	1.0	0.0380051452674	0.0461107580505	3.80601195234e-06	4.41490485915e-07	2.81930285852e-06	-3.88571392407e-10	-5.19718926231e-11	-2.75448355403e-11	-4.03378265984e-11	3.20825860265e-11	1.7863998064e-12	8.63686220173e-12	3.25666853109e-12	0.0	
0.2	172.000806782	1.0	0.0380007028116	0.0461467198995	3.8051197059e-06	4.29700573552e-07	2.85555923459e-06	-6.03217048644e-10	-8.70529877968e-11	-7.15977213833e-11	1.81287223257e-10	3.40941025774e-11	1.60581355517e-12	8.60425169835e-12	2.98937223899e-12	0.0	
0.2	173.000806782	1.0	0.0380300455317	0.0461283135619	3.81449594803e-06	4.44128570993e-07	2.88578528553e-06	-5.65729079875e-10	-1.34682329847e-10	-1.25955466575e-10	-1.73675664187e-11	3.31631390878e-11	1.93609270105e-12	8.4943711433e-12	3.51457125353e-12	0.0	
0.2	174.000806782	1.0	0.0380076112208	0.046095812981	3.81521525143e-06	4.6656719347e-07	2.93300268682e-06	-4.97757539041e-10	-1.22820162504e-10	-1.29580214716e-10	6.32939358005e-11	3.40321450219e-11	1.85263389836e-12	8.79954464922e-12	3.36021905567e-12	0.0	
0.2	175.000806782	1.0	0.0379375899816	0.0461206770058	3.81968610489e-06	4.56168299473e-07	2.9673351065e-06	-2.86136306425e-10	-1.04901587212e-10	5.78970527761e-11	4.04870331453e-10	3.39281309685e-11	2.39723606092e-12	1.10248030748e-11	6.90955245341e-12	0.0	
0.2	176.000806782	1.0	0.0378982718726	0.0461828991628	3.82430666045e-06	4.6505127713e-07	3.00224513116e-06	-4.23222734119e-10	-1.77528213688e-10	-1.33504741749e-10	1.23060945861e-10	3.3006836212e-11	1.78138248811e-12	8.76124493257e-12	3.48426742436e-12	0.0	
0.2	177.000806782	1.0	0.0379189837916	0.0461916111073	3.84356717054e-06	4.62277707315e-07	3.03702067575e-06	-5.58399491122e-10	-1.17588540168e-10	-1.20906818369e-10	1.48010963648e-10	3.53030837292e-11	6.8257166967e-13	9.66641486543e-12	2.82674634057e-12	0.0	
0.2	178.000806782	1.0	0.0379247209619	0.0461250838803	3.8627549821e-06	4.71605367639e-07	3.07202641154e-06	-9.48116874876e-10	-2.18862521005e-10	-1.65724626325e-10	3.75491471642e-11	4.59617617124e-11	5.07331265032e-12	1.01883948955e-11	3.56175932437e-12	0.0	
0.2	179.000806782	1.0	0.037874339671	0.0460726787391	3.88302417236e-06	4.75990585361e-07	3.10364867776e-06	-5.44405420589e-10	-1.12595834859e-10	-1.05334096749e-10	1.14431112487e-13	3.51486253548e-11	1.08479852264e-12	1.00345751653e-11	2.48439207222e-12	0.0	
0.2	180.000806782	1.0	0.0378098397311	0.0461170674183	3.89227116793e-06	4.69964440043e-07	3.13803777492e-06	-2.74129102323e-10	-8.64694251855e-11	-1.69684768691e-10	-3.6575648605e-12	4.02610473239e-11	1.94224194045e-12	9.56495736232e-12	3.12043703797e-12	0.0	
0.2	181.000806782	1.0	0.0377967815695	0.046198274518	3.90761397041e-06	4.85057599785e-07	3.16669268337e-06	-4.96451773058e-10	-1.18900003972e-10	-1.63933830169e-10	-7.55076281476e-12	3.54566661815e-11	1.00258462812e-12	1.01516278804e-11	2.50116216674e-12	0.0	
0.2	182.000806782	1.0	0.0378096387171	0.0462000213449	3.92110597644e-06	5.02851542811e-07	3.19707447909e-06	-5.08828954609e-10	-6.52362649775e-11	-1.75973439053e-10	2.32558901543e-11	3.53951027083e-11	1.65693579767e-12	9.89557313e-12	2.50895768417e-12	0.0	
0.2	183.000806782	1.0	0.0377776844271	0.0461216248722	3.94395756251e-06	4.82305198231e-07	3.22149071628e-06	-6.27666675836e-10	-5.67325007436e-11	-1.67218067498e-10	-3.38893300959e-11	3.57083642282e-11	1.5125975927e-12	9.84499849416e-12	3.67341014341e-12	0.0	
0.2	184.000806782	1.0	0.0377095765837	0.0460931704619	3.97140383704e-06	4.75373528293e-07	3.2437792526e-06	-5.67753810577e-10	-1.04912996343e-11	-1.06317708247e-10	-2.16126720911e-10	3.6404077993e-11	1.27685163892e-12	1.02788974807e-11	1.96265365241e-12	0.0	
0.2	185.000806782	1.0	0.0376925563114	0.0461675072761	3.99800899325e-06	4.99390443041e-07	3.26575754547e-06	-5.45050254886e-10	-6.21714290146e-11	-1.6615518055e-10	-3.62856332699e-11	3.63061896716e-11	1.56004984625e-12	9.88961576222e-12	3.17502036877e-12	0.0	
0.2	186.000806782	1.0	0.0377375561437	0.0462364286102	4.03472077741e-06	5.120833271e-07	3.27968332288e-06	-5.69597819645e-10	-7.38997586787e-11	-7.12642990861e-11	1.61050924178e-10	3.71952451383e-11	1.61014218764e-12	1.07299869454e-11	2.63770116887e-12	0.0	
0.2	187.000806782	1.0	0.0377491660232	0.0461975097926	4.07607621279e-06	5.08903442991e-07	3.28920428431e-06	-6.9188697033e-10	-9.76953345386e-11	-1.74859655203e-10	4.35689324466e-11	3.84835918417e-11	1.5063709451e-12	1.01668617808e-11	3.71393162673e-12	0.0	
0.2	188.000806782	1.0	0.0376627281558	0.0461156874752	4.11580543448e-06	4.87865168598e-07	3.30255969363e-06	-5.73206131634e-10	-1.02240866026e-10	-1.80584718423e-10	-4.6612675413e-11	3.82617347962e-11	1.38456253401e-12	1.05148664731e-11	3.39740194291e-12	0.0	
0.2	189.000806782	1.0	0.0375623961743	0.0461219798575	4.1545652217e-06	4.85831087785e-07	3.31357260403e-06	-6.18004861433e-10	-1.33793215312e-10	-2.41555617167e-10	4.38068851773e-11	3.90076773639e-11	1.57975595662e-12	1.04594435078e-11	3.45254947632e-12	0.0	
0.2	190.000806782	1.0	0.037558730684	0.0462081383944	4.19436247324e-06	4.80974292501e-07	3.32406313074e-06	-6.90776516649e-10	-1.42498206352e-10	-1.25810974669e-10	-1.02524681269e-11	3.98854270336e-11	1.28433898406e-12	1.06127102336e-11	3.7872642054e-12	0.0	
0.2	191.000806782	1.0	0.0376227787065	0.0462515181261	4.2413994098e-06	4.79113636868e-07	3.33599326649e-06	-5.74553793234e-10	-6.30095919354e-11	-1.16243451909e-10	-9.72567503058e-11	4.0897976792e-11	1.27864666973e-12	1.11299598552e-11	2.62541427773e-12	0.0	
0.2	192.000806782	1.0	0.0376265425775	0.0461947170142	4.27726463516e-06	4.82640769629e-07	3.34927397926e-06	-9.02378868601e-10	-3.00520397864e-11	-1.22600340935e-10	1.07106072258e-10	4.39464039217e-11	6.92205559196e-13	1.08610546235e-11	3.98504962443e-12	0.0	
0.2	193.000806782	1.0	0.0375404814956	0.0461279057694	4.32742372534e-06	4.55687816729e-07	3.36192951446e-06	-7.91825724171e-10	-5.54815722315e-11	-1.59091682431e-10	5.87751098002e-11	4.24342806651e-11	1.27827962735e-12	1.14819339757e-11	3.65982235976e-12	0.0	
0.2	194.000806782	1.0	0.0374627427625	0.0461540492627	4.36768292263e-06	4.37964302472e-07	3.37319790391e-06	-6.46858432835e-10	-1.40545279721e-10	-1.85265334388e-10	7.48617549724e-11	4.49109862228e-11	-1.85069992867e-13	1.20080905612e-11	2.82867783297e-12	0.0	
0.2	195.000806782	1.0	0.0374665501952	0.0462276698916	4.40818122862e-06	4.52451016962e-07	3.37713703984e-06	-7.19724640473e-10	-7.83525887226e-11	-1.26696238884e-10	-9.24873056515e-11	4.30851829944e-11	1.0232176469e-12	1.16664965498e-11	3.81950947723e-12	0.0	
0.2	196.000806782	1.0	0.0374968411391	0.0462404202833	4.45771258417e-06	4.3497484196e-07	3.3864947039e-06	-8.22396237282e-10	-5.14844249755e-11	-1.30634237072e-10	-5.34247404178e-11	4.48444573105e-11	8.96612928916e-13	1.18992364862e-11	3.81164072814e-12	0.0	
0.2	197.000806782	1.0	0.0374613584745	0.0461850243845	4.50658544805e-06	4.13273962122e-07	3.39923155906e-06	-8.37276746119e-10	-5.90299534507e-11	-1.4920354391e-10	-1.31006123452e-10	4.49678336174e-11	3.30174952211e-13	1.223217858e-11	3.66267008063e-12	0.0	
0.2	198.000806782	1.0	0.0373890626462	0.0461597566102	4.54198539397e-06	3.97281232556e-07	3.4126832493e-06	-8.737977604e-10	-3.59237401921e-11	-1.14377351103e-10	-1.38332332777e-11	4.6352292695e-11	3.73970591387e-13	1.23365069965e-11	3.51370159177e-12	0.0	
0.2	199.000806782	1.0	0.037373438995	0.0462091295133	4.58506935574e-06	3.69185603176e-07	3.42604750166e-06	-7.32334114519e-10	-2.87404453938e-11	-1.52959501276e-10	-2.24729520654e-11	4.64131504999e-11	2.41475025065e-13	1.2645186914e-11	3.2078151058e-12	0.0	
0.2	200.000806782	1.0	0.0374165683148	0.0462545712654	4.62185452271e-06	3.81874233222e-07	3.4374967322e-06	-7.05209968827e-10	-8.273109501e-11	-9.84830681481e-11	6.55592592137e-11	4.69166553269e-11	2.66324116715e-13	1.29568489253e-11	3.09744798394e-12	0.0	
0.2	201.000806782	1.0	0.037410420337	0.046230007879	4.6552134587e-06	3.95339607558e-07	3.45232768984e-06	-7.06863761962e-10	-5.39789193937e-11	-1.17170966111e-10	-2.16816771117e-11	4.78232395264e-11	2.2367910546e-13	1.30924820209e-11	3.33911813222e-12	0.0	
0.2	202.000806782	1.0	0.0373113954732	0.0461861459356	4.69996564417e-06	3.36261462336e-07	3.47168198227e-06	-8.70452352538e-10	5.10097367833e-11	-1.84160341615e-10	-8.3269028467e-11	4.87517954972e-11	-9.02816341456e-14	1.34956944064e-11	2.83329562388e-12	0.0	
0.2	203.000806782	1.0	0.0372206540041	0.046202653964	4.73875809293e-06	2.88154361383e-07	3.49850291131e-06	-7.62790635409e-10	8.09296538595e-11	-2.82569258064e-10	-1.84198767704e-10	4.97832907029e-11	-5.00563070974e-13	1.37937347022e-11	2.45055447173e-12	0.0	
0.2	204.000806782	1.0	0.0372430787809	0.0462646733584	4.76261074408e-06	2.84451290622e-07	3.52932239807e-06	-8.8425147316e-10	1.44625076445e-11	-3.13503545135e-10	-8.61632246997e-11	4.99975220298e-11	-7.04947566083e-13	1.37239183015e-11	2.53679977589e-12	0.0	
0.2	205.000806782	1.0	0.0373239673256	0.0462795441375	4.78126706356e-06	2.76371716406e-07	3.55860542522e-06	-7.14145546565e-10	-1.06342213541e-10	-1.58473092764e-10	6.74326284811e-12	4.99521095257e-11	-6.46448642283e-13	1.40181783289e-11	2.20720885728e-12	0.0	
0.2	206.000806782	1.0	0.0373227327789	0.0462336699878	4.80415439168e-06	2.53605107506e-07	3.59002257392e-06	-8.13025375746e-10	-1.02742149761e-10	-8.86335943577e-11	6.85914101957e-11	5.09345750414e-11	-1.06175792733e-12	1.41251845223e-11	2.19395054164e-12	0.0	
0.2	207.000806782	1.0	0.0372156075227	0.0462115746663	4.82637920574e-06	2.34980009565e-07	3.62291629566e-06	-8.42698686096e-10	-6.54333350839e-11	-5.746367857e-11	5.9889966499e-11	5.11849588139e-11	-1.07326626729e-12	1.44562199998e-11	1.96939282289e-12	0.0	
0.2	208.000806782	1.0	0.0371225014758	0.0462469884753	4.86084527344e-06	2.11594818683e-07	3.65534402773e-06	-9.56455436776e-10	6.73670994392e-11	-1.20972116025e-10	-9.55396442015e-11	5.20969346909e-11	-1.27913371575e-12	1.46747624908e-11	2.07755307688e-12	0.0	
0.2	209.000806782	1.0	0.0371278380159	0.0462795645382	4.89528723244e-06	2.02094500862e-07	3.68907836388e-06	-8.90862444448e-10	6.16407957269e-11	-2.01776387775e-10	-1.65564001452e-10	5.28653430485e-11	-1.44074533358e-12	1.49631868401e-11	1.72098359119e-12	0.0	
0.2	210.000806782	1.0	0.0371739987886	0.0462570752945	4.91448760154e-06	2.07815079261e-07	3.72580258485e-06	-8.76713461804e-10	2.00653561896e-11	-1.9239220256e-10	-7.05084705014e-11	5.3658772826e-11	-1.16409404442e-12	1.50849818472e-11	1.60841386882e-12	0.0	
0.2	211.000806782	1.0	0.0371699582225	0.0462256800911	4.9368972248e-06	1.85607658574e-07	3.7657877121e-06	-8.97347945789e-10	-7.2428114351e-12	-1.92720594454e-10	-9.97672640208e-12	5.4416779118e-11	-1.48081192952e-12	1.54934219837e-11	1.4757417582e-12	0.0	
0.2	212.000806782	1.0	0.0371256819559	0.0462516896608	4.94518737159e-06	1.7044877226e-07	3.81100470069e-06	-9.12151225418e-10	6.85273236592e-11	-2.83599386207e-10	2.76858177946e-11	5.42563468691e-11	-1.66921082665e-12	1.53087932723e-11	1.51067042232e-12	0.0	
0.2	213.000806782	1.0	0.0371009062129	0.0463018880252	4.94065168364e-06	1.64445165974e-07	3.8559498845e-06	-9.87128831655e-10	9.50498962022e-11	-2.91954331292e-10	1.08431561043e-11	5.40917513657e-11	-1.93742450554e-12	1.53560770484e-11	1.45860229278e-12	0.0	
0.2	214.000806782	1.0	0.0370891304776	0.046305126071	4.95630465539e-06	1.52969719014e-07	3.9024626132e-06	-9.74037704979e-10	9.33405216209e-11	-3.36540785092e-10	7.02098309007e-12	5.46264607184e-11	-1.71883980186e-12	1.60239148729e-11	1.1205272417e-12	0.0	
0.2	215.000806782	1.0	0.0370485439695	0.0462647085687	4.96989704195e-06	1.47589655254e-07	3.94970074226e-06	-9.05276055339e-10	1.03233148682e-10	-2.30093111426e-10	-7.69134125624e-11	5.52689352706e-11	-1.4642409243e-12	1.59825377598e-11	1.48991457229e-12	0.0	
0.2	216.000806782	1.0	0.0369880810524	0.0462427504325	4.98345327406e-06	1.4028231127e-07	3.99401199421e-06	-8.55068725353e-10	6.25535657928e-11	-1.88027671642e-10	-6.55123771016e-11	5.58165698885e-11	-2.19308642768e-12	1.62695805344e-11	1.06738498287e-12	0.0	
0.2	217.000806782	1.0	0.0369627414645	0.0462683724414	5.00881544499e-06	1.38503079164e-07	4.03686077197e-06	-9.16892303974e-10	1.14565214101e-10	-1.72982127132e-10	-6.05225403918e-11	5.63483421441e-11	-2.3182104536e-12	1.63154940269e-11	1.00766401075e-12	0.0	
0.2	218.000806782	1.0	0.0369849782017	0.0462996806029	5.02472043137e-06	1.40893185221e-07	4.07861191084e-06	-9.08513721976e-10	6.69239770854e-11	-2.23155692623e-10	-2.86204696614e-11	5.7491006344e-11	-2.09439816289e-12	1.63708939846e-11	1.18206124338e-12	0.0	
0.2	219.000806782	1.0	0.0369993340524	0.0462927565551	5.04447554094e-06	1.49297861704e-07	4.12472382056e-06	-9.30644128803e-10	8.46339128231e-11	-2.81574962396e-10	1.95652348675e-11	5.77148890197e-11	-2.01827884027e-12	1.67378087527e-11	1.16166303412e-12	0.0	
0.2	220.000806782	1.0	0.036964331628	0.0462691500096	5.06365478244e-06	1.23781125644e-07	4.1838590642e-06	-8.52253261352e-10	4.53108884625e-11	-3.27220447526e-10	-6.96125620566e-11	5.80248581792e-11	-2.58868735448e-12	1.69611275984e-11	9.41599248317e-13	0.0	
0.2	221.000806782	1.0	0.0369193017195	0.0462742182916	5.07859633883e-06	9.58979534933e-08	4.24228409488e-06	-9.67652756353e-10	4.85803201823e-11	-2.71432539563e-10	-9.4969950059e-11	5.89731221959e-11	-2.79508569396e-12	1.78818103482e-11	-3.83312802092e-14	0.0	
0.2	222.000806782	1.0	0.036911235299	0.046295238664	5.08747874224e-06	1.12880395209e-07	4.29671291389e-06	-9.87000623856e-10	3.16930481883e-11	-3.72299412913e-10	-3.00544479335e-11	5.88302138206e-11	-2.22551062424e-12	1.76370977075e-11	9.17286337635e-13	0.0	
0.2	223.000806782	1.0	0.036922185677	0.046280741894	5.11281969439e-06	1.28708417221e-07	4.34274721691e-06	-1.09452092014e-09	8.85192042972e-11	-3.40017547082e-10	1.76592797225e-10	5.97660032135e-11	-2.48026646984e-12	1.77328682212e-11	1.05524040534e-12	0.0	
0.2	224.000806782	1.0	0.0368916700587	0.0462454318803	5.12541256955e-06	1.18374559043e-07	4.38531817104e-06	-1.19513735365e-09	2.45560240822e-10	-3.63647607427e-10	2.13290723165e-10	6.48711465593e-11	-4.64159134939e-12	1.91086079954e-11	2.85534703328e-13	0.0	
0.2	225.000806782	1.0	0.0368326479731	0.0462561892051	5.15301543989e-06	1.02666534407e-07	4.42897244469e-06	-1.05272681252e-09	1.47205139475e-10	-3.58016693101e-10	1.05214293088e-11	6.24221883081e-11	-3.56060146723e-12	1.86093577592e-11	4.32412111701e-13	0.0	
0.2	226.000806782	1.0	0.0368068506605	0.0463101296064	5.17611557892e-06	1.22769102095e-07	4.47114582051e-06	-1.02917160138e-09	2.68183918866e-11	-2.48789910247e-10	-1.88045920721e-10	6.26146073436e-11	-2.82954632918e-12	1.87289014193e-11	4.61283453762e-13	0.0	
0.2	227.000806782	1.0	0.0368227845558	0.0463240570061	5.1960925854e-06	1.38422478872e-07	4.51373917148e-06	-9.96231837963e-10	-5.8584578297e-11	-1.30255900454e-10	-5.03458204074e-11	6.43992966316e-11	-4.55481599181e-12	2.07293586994e-11	-1.04822866756e-12	0.0	
0.2	228.000806782	1.0	0.0368109452816	0.0462709811516	5.22007845835e-06	1.46664271167e-07	4.5488424276e-06	-1.06596930023e-09	-5.14347118312e-12	-1.95073010029e-10	1.40989600333e-10	6.35616285565e-11	-2.65625091513e-12	1.90812649825e-11	1.47117348189e-12	0.0	
0.2	229.000806782	1.0	0.0367496809381	0.0462353482738	5.23358559233e-06	1.4096240369e-07	4.58890516663e-06	-1.10211635941e-09	5.74126729967e-11	-2.53375666311e-10	2.36507849216e-10	6.38468636764e-11	-2.71242325548e-12	1.93614519947e-11	1.08173319098e-12	0.0	
0.2	230.000806782	1.0	0.0367065532371	0.0462886343288	5.25855244251e-06	1.36374285268e-07	4.6261804094e-06	-1.13981972802e-09	7.79920672049e-11	-2.97773103077e-10	9.18860795975e-12	6.44579268555e-11	-3.03390708862e-12	1.94802615236e-11	1.21425935474e-12	0.0	
0.2	231.000806782	1.0	0.0367299036457	0.0463715602952	5.2883146112e-06	1.4782958571e-07	4.65811456147e-06	-1.04559645555e-09	5.81836671381e-11	-4.17022249052e-10	-1.01772000793e-10	6.59237108695e-11	-2.5342964878e-12	2.02800406065e-11	1.67437848754e-12	0.0	
0.2	232.000806782	1.0	0.0367625742994	0.0463769703925	5.31405201138e-06	1.60821924337e-07	4.68933459732e-06	-1.04966128854e-09	5.88148772305e-11	-4.22994478381e-10	-5.87614714721e-11	6.59177217903e-11	-2.9009591589e-12	2.00768887846e-11	1.04123265871e-12	0.0	
0.2	233.000806782	1.0	0.0367120547012	0.0462930288987	5.34465612258e-06	1.46209590188e-07	4.71640606262e-06	-1.17730774029e-09	1.35960605374e-10	-3.9994905792e-10	2.17879854334e-12	6.67426146292e-11	-2.84929796165e-12	2.05183149392e-11	1.06265809799e-12	0.0	
0.2	234.000806782	1.0	0.0365950145218	0.0462354195505	5.40147337879e-06	1.33497598789e-07	4.74423148824e-06	-1.29711243405e-09	2.04520591646e-10	-4.37288278268e-10	1.42118867041e-10	6.9284813347e-11	-3.31196679091e-12	2.09697781106e-11	9.68412695941e-13	0.0	
0.2	235.000806782	1.0	0.0365316444285	0.0462763378843	5.43799815607e-06	1.63829105434e-07	4.76604193168e-06	-1.19703695721e-09	1.12718693989e-10	-3.51404060403e-10	9.77253118657e-11	6.96773064684e-11	-3.18155528553e-12	2.1256589312e-11	9.72291840687e-13	0.0	
0.2	236.000806782	1.0	0.0365799696955	0.046351622507	5.47891225601e-06	1.51093801308e-07	4.78437465364e-06	-1.2175813771e-09	9.53917720123e-11	-2.64487397363e-10	1.74240629242e-10	7.0428642856e-11	-3.04284433372e-12	2.12687984403e-11	6.48228713598e-13	0.0	
0.2	237.000806782	1.0	0.0366503382649	0.0463605183716	5.53183323802e-06	1.26328750873e-07	4.80925337802e-06	-1.10466668432e-09	1.58870326883e-10	-2.45134750498e-10	6.19140283869e-11	7.18493920825e-11	-4.05631698337e-12	2.16049945368e-11	1.64929214847e-13	0.0	
0.2	238.000806782	1.0	0.0366343007353	0.0463088073374	5.55841600285e-06	1.23905082798e-07	4.83917403037e-06	-1.07062638357e-09	1.08118050249e-10	-3.07132775791e-10	1.11987479448e-10	7.20147737353e-11	-4.05629289586e-12	2.22806763565e-11	3.73034571431e-13	0.0	
0.2	239.000806782	1.0	0.0365451023991	0.0462814175519	5.60814198826e-06	1.23801251866e-07	4.86061159486e-06	-1.24136478228e-09	5.6584626482e-11	-3.56668698591e-10	-2.600102891e-11	7.39983993762e-11	-3.50020579008e-12	2.22009139775e-11	4.47920503436e-13	0.0	
