0.0	0.0	1.0	0.000198363619315	0.000117177241496	nan	nan	nan	nan	nan	nan	0.0	
0.0	0.0	1.0	0.000198363619315	0.000117177241496	nan	nan	nan	nan	nan	nan	0.0	
0.0	0.0	1.0	0.000198363619315	0.000117177241496	nan	nan	nan	nan	nan	nan	0.0	
0.335	0.00230387174243	1.0	0.000220531434356	0.000102664377841	nan	nan	nan	nan	nan	nan	0.0	
1.035	0.00711793209974	1.0	0.000234255646472	8.57465937901e-05	nan	nan	nan	nan	nan	nan	0.0	
4.915	0.0338015809374	1.0	0.000126047478209	6.18925577536e-05	nan	nan	nan	nan	nan	nan	0.0	
4.915	0.0338015809374	1.0	0.000126047478209	6.18925577536e-05	nan	nan	nan	nan	nan	nan	0.0	
5.935	0.0408163546009	1.0	9.76010009849e-05	5.56216513729e-05	nan	nan	nan	nan	nan	nan	0.0	
6.435	0.0442549691419	1.0	8.97256748687e-05	4.90599090242e-05	nan	nan	nan	nan	nan	nan	0.0	
9.7958	0.0673679606402	1.0	7.64473917303e-05	-1.75374010986e-05	nan	nan	nan	nan	nan	nan	0.0	
10.2958	0.0708065751812	1.0	6.95915721384e-05	-2.88158837465e-05	nan	nan	nan	nan	nan	nan	0.0	
13.6566	0.0939195666795	1.0	-8.29214446357e-06	-0.000115478971999	nan	nan	nan	nan	nan	nan	0.0	
14.1566	0.0973581812205	1.0	-2.05560246109e-05	-0.000121815828249	nan	nan	nan	nan	nan	nan	0.0	
14.463114	0.0994661482153	1.0	-2.86271972076e-05	-0.000121609603388	nan	nan	nan	nan	nan	nan	0.0	
14.463114	0.0994661482153	1.0	-2.86271972076e-05	-0.000121609603388	nan	nan	nan	nan	nan	nan	0.0	
17.5174	0.120471172719	1.0	-0.00010905311402	-0.000119554657435	nan	nan	nan	nan	nan	nan	0.0	
18.0174	0.12390978726	1.0	-0.000116009519444	-0.000125876965151	nan	nan	nan	nan	nan	nan	0.0	
18.323914	0.126017754255	1.0	-0.000116388624714	-0.000133905924735	nan	nan	nan	nan	nan	nan	0.0	
18.323914	0.126017754255	1.0	-0.000116388624714	-0.000133905924735	nan	nan	nan	nan	nan	nan	0.0	
21.3782	0.147022778758	1.0	-0.000120166252876	-0.000213911206235	nan	nan	nan	nan	nan	nan	0.0	
21.8782	0.150461393299	1.0	-0.000127495151785	-0.000215061026291	nan	nan	nan	nan	nan	nan	0.0	
22.184714	0.152569360294	1.0	-0.000136184259351	-0.000208428808037	nan	nan	nan	nan	nan	nan	0.0	
22.184714	0.152569360294	1.0	-0.000136184259351	-0.000208428808037	nan	nan	nan	nan	nan	nan	0.0	
25.239	0.173574384797	1.0	-0.000222767644097	-0.000142341479691	nan	nan	nan	nan	nan	nan	0.0	
25.739	0.177012999338	1.0	-0.000224489888349	-0.000139257650606	nan	nan	nan	nan	nan	nan	0.0	
26.045514	0.179120966333	1.0	-0.000217892873118	-0.000142074177192	nan	nan	nan	nan	nan	nan	0.0	
26.045514	0.179120966333	1.0	-0.000217892873118	-0.000142074177192	nan	nan	nan	nan	nan	nan	0.0	
29.0998	0.200125990837	1.0	-0.000152156328429	-0.000170139706735	nan	nan	nan	nan	nan	nan	0.0	
29.5998	0.203564605378	1.0	-0.000149678146094	-0.00016533811407	nan	nan	nan	nan	nan	nan	0.0	
32.9606	0.226677596876	1.0	-0.000188390864217	-7.0502638179e-05	nan	nan	nan	nan	nan	nan	0.0	
33.4606	0.230116211417	1.0	-0.000183734035033	-6.00627379147e-05	nan	nan	nan	nan	nan	nan	0.0	
36.8214	0.253229202915	1.0	-8.29960323161e-05	-1.32628586181e-05	nan	nan	nan	nan	nan	nan	0.0	
37.3214	0.256667817456	1.0	-7.23582129606e-05	-5.70185245821e-06	nan	nan	nan	nan	nan	nan	0.0	
37.627914	0.258775784451	1.0	-6.83833746278e-05	-7.85412082006e-07	nan	nan	nan	nan	nan	nan	0.0	
37.627914	0.258775784451	1.0	-6.83833746278e-05	-7.85412082006e-07	nan	nan	nan	nan	nan	nan	0.0	
40.6822	0.279780808955	1.0	-2.87757447245e-05	4.82048950847e-05	nan	nan	nan	nan	nan	nan	0.0	
41.1822	0.283219423496	1.0	-2.05931672884e-05	5.95430962155e-05	nan	nan	nan	nan	nan	nan	0.0	
45.575686	0.313434433186	1.0	6.46826819827e-05	0.000190467784487	nan	nan	nan	nan	nan	nan	0.0	
45.575686	0.313434433186	1.0	6.46826819827e-05	0.000190467784487	nan	nan	nan	nan	nan	nan	0.0	
45.8822	0.31554240018	1.0	7.06319991453e-05	0.00019960181835	nan	nan	nan	nan	nan	nan	0.0	
46.3822	0.318981014721	1.0	8.5098120667e-05	0.000201589288333	nan	nan	nan	nan	nan	nan	0.0	
47.381	0.325849991128	1.0	0.000124119995717	0.000179681062313	nan	nan	nan	nan	nan	nan	0.0	
48.621	0.33437775519	1.0	0.000166585695275	0.000152519999148	nan	nan	nan	nan	nan	nan	0.0	
48.621	0.33437775519	1.0	0.000166585695275	0.000152519999148	nan	nan	nan	nan	nan	nan	0.0	
49.861	0.342905519251	1.0	0.000205402714647	0.000125369121007	nan	nan	nan	nan	nan	nan	0.0	
50.7598	0.34908677275	1.0	0.000237011806864	0.000105654349735	nan	nan	nan	nan	nan	nan	0.0	
51.2598	0.352525387291	1.0	0.000238578064845	0.000101565558571	nan	nan	nan	nan	nan	nan	0.0	
51.566314	0.354633354286	1.0	0.000229697479124	0.000103220127217	nan	nan	nan	nan	nan	nan	0.0	
51.566314	0.354633354286	1.0	0.000229697479124	0.000103220127217	nan	nan	nan	nan	nan	nan	0.0	
55.1598	0.37934658071	1.0	0.000125583929782	0.000122617835865	nan	nan	nan	nan	nan	nan	0.0	
55.6598	0.382785195251	1.0	0.000117369761942	0.000119010985633	nan	nan	nan	nan	nan	nan	0.0	
55.966314	0.384893162246	1.0	0.00011609303721	0.000112972232843	nan	nan	nan	nan	nan	nan	0.0	
55.966314	0.384893162246	1.0	0.00011609303721	0.000112972232843	nan	nan	nan	nan	nan	nan	0.0	
60.951	0.419173989769	1.0	9.53302926132e-05	1.47669747128e-05	nan	nan	nan	nan	nan	nan	0.0	
61.451	0.42261260431	1.0	8.86708327496e-05	5.48127714249e-06	nan	nan	nan	nan	nan	nan	0.0	
61.757514	0.424720571305	1.0	8.18491456869e-05	4.28776440481e-08	nan	nan	nan	nan	nan	nan	0.0	
61.757514	0.424720571305	1.0	8.18491456869e-05	4.28776440481e-08	nan	nan	nan	nan	nan	nan	0.0	
66.7422	0.459001398828	1.0	-2.90885863497e-05	-8.83991310155e-05	nan	nan	nan	nan	nan	nan	0.0	
67.2422	0.462440013369	1.0	-4.2016339109e-05	-9.23445197397e-05	nan	nan	nan	nan	nan	nan	0.0	
67.548714	0.464547980364	1.0	-5.11882642053e-05	-9.16994454514e-05	nan	nan	nan	nan	nan	nan	0.0	
67.548714	0.464547980364	1.0	-5.11882642053e-05	-9.16994454514e-05	nan	nan	nan	nan	nan	nan	0.0	
72.226886	0.496720840893	1.0	-0.000191174833078	-8.18539947593e-05	nan	nan	nan	nan	nan	nan	0.0	
72.226886	0.496720840893	1.0	-0.000191174833078	-8.18539947593e-05	nan	nan	nan	nan	nan	nan	0.0	
72.5334	0.498828807887	1.0	-0.000200346758174	-8.1208920471e-05	nan	nan	nan	nan	nan	nan	0.0	
73.0334	0.502267422428	1.0	-0.000204069292392	-8.4664402124e-05	nan	nan	nan	nan	nan	nan	0.0	
78.3246	0.538656216946	1.0	-0.000123798894603	-0.000169606640019	nan	nan	nan	nan	nan	nan	0.0	
78.8246	0.542094831487	1.0	-0.000122974731124	-0.000168203669419	nan	nan	nan	nan	nan	nan	0.0	
79.131114	0.544202798482	1.0	-0.000126604959973	-0.000161578793927	nan	nan	nan	nan	nan	nan	0.0	
79.131114	0.544202798482	1.0	-0.000126604959973	-0.000161578793927	nan	nan	nan	nan	nan	nan	0.0	
84.1158	0.578483626005	1.0	-0.000185641581216	-5.38417113978e-05	nan	nan	nan	nan	nan	nan	0.0	
84.6158	0.581922240546	1.0	-0.000181294599752	-4.58363919046e-05	nan	nan	nan	nan	nan	nan	0.0	
84.922314	0.584030207541	1.0	-0.000172383884931	-4.25561040305e-05	nan	nan	nan	nan	nan	nan	0.0	
84.922314	0.584030207541	1.0	-0.000172383884931	-4.25561040305e-05	nan	nan	nan	nan	nan	nan	0.0	
89.17656	0.613287631854	1.0	-4.87080564713e-05	2.97249031588e-06	nan	nan	nan	nan	nan	nan	0.0	
89.17656	0.613287631854	1.0	-4.87080564713e-05	2.97249031588e-06	nan	nan	nan	nan	nan	nan	0.0	
89.907	0.618311035064	1.0	-2.74733248314e-05	1.07895997295e-05	nan	nan	nan	nan	nan	nan	0.0	
90.407	0.621749649605	1.0	-1.42002144551e-05	1.54520516271e-05	nan	nan	nan	nan	nan	nan	0.0	
90.713514	0.6238576166	1.0	-6.68780877977e-06	1.78354667246e-05	nan	nan	nan	nan	nan	nan	0.0	
90.713514	0.6238576166	1.0	-6.68780877977e-06	1.78354667246e-05	nan	nan	nan	nan	nan	nan	0.0	
94.089746	0.647076737498	1.0	7.60608566584e-05	4.40886307608e-05	nan	nan	nan	nan	nan	nan	0.0	
94.089746	0.647076737498	1.0	7.60608566584e-05	4.40886307608e-05	nan	nan	nan	nan	nan	nan	0.0	
95.391686	0.656030477128	1.0	0.000107970333697	5.42123557848e-05	nan	nan	nan	nan	nan	nan	0.0	
95.391686	0.656030477128	1.0	0.000107970333697	5.42123557848e-05	nan	nan	nan	nan	nan	nan	0.0	
95.6982	0.658138444123	1.0	0.000115482739372	5.65957708823e-05	nan	nan	nan	nan	nan	nan	0.0	
96.1982	0.661577058664	1.0	0.000121192448632	6.37107968008e-05	nan	nan	nan	nan	nan	nan	0.0	
101.4894	0.697965853182	1.0	0.000111239764586	0.000174538987547	nan	nan	nan	nan	nan	nan	0.0	
101.9894	0.701404467723	1.0	0.000116483258369	0.000175267405847	nan	nan	nan	nan	nan	nan	0.0	
102.295914	0.703512434718	1.0	0.000123547701323	0.000169732082504	nan	nan	nan	nan	nan	nan	0.0	
102.295914	0.703512434718	1.0	0.000123547701323	0.000169732082504	nan	nan	nan	nan	nan	nan	0.0	
106.47142	0.732228346013	1.0	0.00021978351417	9.43267965093e-05	nan	nan	nan	nan	nan	nan	0.0	
106.47142	0.732228346013	1.0	0.00021978351417	9.43267965093e-05	nan	nan	nan	nan	nan	nan	0.0	
107.2806	0.737793262241	1.0	0.000238433252679	7.97138491633e-05	nan	nan	nan	nan	nan	nan	0.0	
107.7806	0.741231876782	1.0	0.000236696402365	7.49610859636e-05	nan	nan	nan	nan	nan	nan	0.0	
112.19136	0.771565683727	1.0	0.000104677837773	6.99910649224e-05	nan	nan	nan	nan	nan	nan	0.0	
112.19136	0.771565683727	1.0	0.000104677837773	6.99910649224e-05	nan	nan	nan	nan	nan	nan	0.0	
112.9218	0.776589086938	1.0	8.28150204085e-05	6.91680089934e-05	nan	nan	nan	nan	nan	nan	0.0	
113.4218	0.780027701479	1.0	7.21892053381e-05	6.48292949687e-05	nan	nan	nan	nan	nan	nan	0.0	
118.613	0.815728773089	1.0	4.89664474438e-06	-1.85828695636e-05	nan	nan	nan	nan	nan	nan	0.0	
119.313	0.820542833446	1.0	-4.44114468622e-06	-3.31837388111e-05	nan	nan	nan	nan	nan	nan	0.0	
124.604	0.856930252518	1.0	-7.35454618285e-05	-0.000174264587069	nan	nan	nan	nan	nan	nan	0.0	
125.604	0.8638074816	1.0	-9.78832141627e-05	-0.00017561128888	nan	nan	nan	nan	nan	nan	0.0	
126.591444	0.870598360193	1.0	-0.00013417880147	-0.000151878356618	nan	nan	nan	nan	nan	nan	0.0	
127.591444	0.877475589275	1.0	-0.000147948561439	-0.000151667007084	nan	nan	nan	nan	nan	nan	0.0	
128.097919	0.880958733875	1.0	-0.000142903498738	-0.000163620183026	nan	nan	nan	nan	nan	nan	0.0	
128.097919	0.880958733875	1.0	-0.000142903498738	-0.000163620183026	nan	nan	nan	nan	nan	nan	0.0	
128.097919	0.880958733875	1.0	-0.000142903498738	-0.000163620183026	nan	nan	nan	nan	nan	nan	0.0	
128.097919	0.880958733875	1.0	-0.000142903498738	-0.000163620183026	nan	nan	nan	nan	nan	nan	0.0	
131.112989	0.901694060963	1.0	-0.000112869998179	-0.000234778013495	nan	nan	nan	nan	nan	nan	0.0	
132.112989	0.908571290044	1.0	-0.000118522966777	-0.000225362122702	nan	nan	nan	nan	nan	nan	0.0	
133.100433	0.915362168638	1.0	-0.000139780867916	-0.000183895919464	nan	nan	nan	nan	nan	nan	0.0	
134.100433	0.92223939772	1.0	-0.000148398172199	-0.000157282037525	nan	nan	nan	nan	nan	nan	0.0	
134.606908	0.925722542319	1.0	-0.000146093492624	-0.000151192794395	nan	nan	nan	nan	nan	nan	0.0	
134.606908	0.925722542319	1.0	-0.000146093492624	-0.000151192794395	nan	nan	nan	nan	nan	nan	0.0	
134.606908	0.925722542319	1.0	-0.000146093492624	-0.000151192794395	nan	nan	nan	nan	nan	nan	0.0	
134.606908	0.925722542319	1.0	-0.000146093492624	-0.000151192794395	nan	nan	nan	nan	nan	nan	0.0	
145.4074	1.0	1.0	-9.69465982729e-05	-2.13407351255e-05	nan	nan	nan	nan	nan	nan	0.0	
