0.0	0.0	1.01320631083e-05	9.94798312544e-06	nan	nan	nan	nan	nan	nan
0.0	0.0	1.01320631083e-05	9.94798312544e-06	nan	nan	nan	nan	nan	nan
0.0	0.0	1.01320631083e-05	9.94798312544e-06	nan	nan	nan	nan	nan	nan
0.335	0.00230387174243	1.01320631084e-05	9.94798312544e-06	nan	nan	nan	nan	nan	nan
1.035	0.00711793209974	1.01320631084e-05	9.94798312544e-06	nan	nan	nan	nan	nan	nan
4.915	0.0338015809374	1.01320631084e-05	9.94798312544e-06	nan	nan	nan	nan	nan	nan
4.915	0.0338015809374	1.01320631084e-05	9.94798312544e-06	nan	nan	nan	nan	nan	nan
5.935	0.0408163546009	1.01320631084e-05	9.94798312544e-06	nan	nan	nan	nan	nan	nan
6.435	0.0442549691419	1.01320631084e-05	9.94798312544e-06	nan	nan	nan	nan	nan	nan
9.7958	0.0673679606402	1.01320631084e-05	9.94798312544e-06	nan	nan	nan	nan	nan	nan
10.2958	0.0708065751812	1.01320631084e-05	9.94798312544e-06	nan	nan	nan	nan	nan	nan
13.6566	0.0939195666795	1.01320631084e-05	9.94798312544e-06	nan	nan	nan	nan	nan	nan
14.1566	0.0973581812205	1.01320631084e-05	9.94798312544e-06	nan	nan	nan	nan	nan	nan
14.463114	0.0994661482153	1.01320631084e-05	9.94798312544e-06	nan	nan	nan	nan	nan	nan
14.463114	0.0994661482153	1.01320631084e-05	9.94798312544e-06	nan	nan	nan	nan	nan	nan
17.5174	0.120471172719	1.01320631084e-05	9.94798312544e-06	nan	nan	nan	nan	nan	nan
18.0174	0.12390978726	1.01320631084e-05	9.94798312544e-06	nan	nan	nan	nan	nan	nan
18.323914	0.126017754255	1.01320631084e-05	9.94798312544e-06	nan	nan	nan	nan	nan	nan
18.323914	0.126017754255	1.01320631084e-05	9.94798312544e-06	nan	nan	nan	nan	nan	nan
21.3782	0.147022778758	1.01320631084e-05	9.94798312544e-06	nan	nan	nan	nan	nan	nan
21.8782	0.150461393299	1.01320631084e-05	9.94798312544e-06	nan	nan	nan	nan	nan	nan
22.184714	0.152569360294	1.01320631084e-05	9.94798312544e-06	nan	nan	nan	nan	nan	nan
22.184714	0.152569360294	1.01320631084e-05	9.94798312544e-06	nan	nan	nan	nan	nan	nan
25.239	0.173574384797	1.01320631084e-05	9.94798312544e-06	nan	nan	nan	nan	nan	nan
25.739	0.177012999338	1.01320631084e-05	9.94798312544e-06	nan	nan	nan	nan	nan	nan
26.045514	0.179120966333	1.01320631084e-05	9.94798312544e-06	nan	nan	nan	nan	nan	nan
26.045514	0.179120966333	1.01320631084e-05	9.94798312544e-06	nan	nan	nan	nan	nan	nan
29.0998	0.200125990837	1.01320631084e-05	9.94798312544e-06	nan	nan	nan	nan	nan	nan
29.5998	0.203564605378	1.01320631084e-05	9.94798312544e-06	nan	nan	nan	nan	nan	nan
32.9606	0.226677596876	1.01320631084e-05	9.94798312544e-06	nan	nan	nan	nan	nan	nan
33.4606	0.230116211417	1.01320631084e-05	9.94798312544e-06	nan	nan	nan	nan	nan	nan
36.8214	0.253229202915	1.01320631084e-05	9.94798312544e-06	nan	nan	nan	nan	nan	nan
37.3214	0.256667817456	1.01320631084e-05	9.94798312544e-06	nan	nan	nan	nan	nan	nan
37.627914	0.258775784451	1.01320631084e-05	9.94798312544e-06	nan	nan	nan	nan	nan	nan
37.627914	0.258775784451	1.01320631084e-05	9.94798312544e-06	nan	nan	nan	nan	nan	nan
40.6822	0.279780808955	1.01320631084e-05	9.94798312544e-06	nan	nan	nan	nan	nan	nan
41.1822	0.283219423496	1.01320631084e-05	9.94798312544e-06	nan	nan	nan	nan	nan	nan
45.575686	0.313434433186	1.01320631084e-05	9.94798312544e-06	nan	nan	nan	nan	nan	nan
45.575686	0.313434433186	1.01320631084e-05	9.94798312544e-06	nan	nan	nan	nan	nan	nan
45.8822	0.31554240018	1.01320631084e-05	9.94798312544e-06	nan	nan	nan	nan	nan	nan
46.3822	0.318981014721	1.01320631084e-05	9.94798312544e-06	nan	nan	nan	nan	nan	nan
47.381	0.325849991128	1.01320631084e-05	9.94798312544e-06	nan	nan	nan	nan	nan	nan
48.621	0.33437775519	1.01323756638e-05	9.94794407666e-06	nan	nan	nan	nan	nan	nan
48.621	0.33437775519	1.01323756638e-05	9.94794407666e-06	nan	nan	nan	nan	nan	nan
49.861	0.342905519251	1.01328082665e-05	9.9478956446e-06	nan	nan	nan	nan	nan	nan
50.7598	0.34908677275	1.01328082665e-05	9.94789564459e-06	nan	nan	nan	nan	nan	nan
51.2598	0.352525387291	1.01328082665e-05	9.9478956446e-06	nan	nan	nan	nan	nan	nan
51.566314	0.354633354286	1.01328082665e-05	9.9478956446e-06	nan	nan	nan	nan	nan	nan
51.566314	0.354633354286	1.01328082665e-05	9.9478956446e-06	nan	nan	nan	nan	nan	nan
55.1598	0.37934658071	1.01328082665e-05	9.94789564459e-06	nan	nan	nan	nan	nan	nan
55.6598	0.382785195251	1.01328082665e-05	9.94789564459e-06	nan	nan	nan	nan	nan	nan
55.966314	0.384893162246	1.01328082665e-05	9.9478956446e-06	nan	nan	nan	nan	nan	nan
55.966314	0.384893162246	1.01328082665e-05	9.9478956446e-06	nan	nan	nan	nan	nan	nan
60.951	0.419173989769	1.01328082665e-05	9.9478956446e-06	nan	nan	nan	nan	nan	nan
61.451	0.42261260431	1.01328082665e-05	9.9478956446e-06	nan	nan	nan	nan	nan	nan
61.757514	0.424720571305	1.01328082665e-05	9.9478956446e-06	nan	nan	nan	nan	nan	nan
61.757514	0.424720571305	1.01328082665e-05	9.9478956446e-06	nan	nan	nan	nan	nan	nan
66.7422	0.459001398828	1.01328082665e-05	9.9478956446e-06	nan	nan	nan	nan	nan	nan
67.2422	0.462440013369	1.01328082665e-05	9.9478956446e-06	nan	nan	nan	nan	nan	nan
67.548714	0.464547980364	1.01328082665e-05	9.9478956446e-06	nan	nan	nan	nan	nan	nan
67.548714	0.464547980364	1.01328082665e-05	9.9478956446e-06	nan	nan	nan	nan	nan	nan
72.226886	0.496720840893	1.01328082665e-05	9.9478956446e-06	nan	nan	nan	nan	nan	nan
72.226886	0.496720840893	1.01328082665e-05	9.9478956446e-06	nan	nan	nan	nan	nan	nan
72.5334	0.498828807887	1.01328082665e-05	9.9478956446e-06	nan	nan	nan	nan	nan	nan
73.0334	0.502267422428	1.01328082665e-05	9.9478956446e-06	nan	nan	nan	nan	nan	nan
78.3246	0.538656216946	1.01328082665e-05	9.94789564459e-06	nan	nan	nan	nan	nan	nan
78.8246	0.542094831487	1.01328082665e-05	9.9478956446e-06	nan	nan	nan	nan	nan	nan
79.131114	0.544202798482	1.01328082665e-05	9.9478956446e-06	nan	nan	nan	nan	nan	nan
79.131114	0.544202798482	1.01328082665e-05	9.9478956446e-06	nan	nan	nan	nan	nan	nan
84.1158	0.578483626005	1.01328082665e-05	9.9478956446e-06	nan	nan	nan	nan	nan	nan
84.6158	0.581922240546	1.01328082665e-05	9.9478956446e-06	nan	nan	nan	nan	nan	nan
84.922314	0.584030207541	1.01328082665e-05	9.9478956446e-06	nan	nan	nan	nan	nan	nan
84.922314	0.584030207541	1.01328082665e-05	9.9478956446e-06	nan	nan	nan	nan	nan	nan
89.17656	0.613287631854	1.01328082665e-05	9.9478956446e-06	nan	nan	nan	nan	nan	nan
89.17656	0.613287631854	1.01328082665e-05	9.9478956446e-06	nan	nan	nan	nan	nan	nan
89.907	0.618311035064	1.01328082665e-05	9.9478956446e-06	nan	nan	nan	nan	nan	nan
90.407	0.621749649605	1.01328082665e-05	9.9478956446e-06	nan	nan	nan	nan	nan	nan
90.713514	0.6238576166	1.01328082665e-05	9.9478956446e-06	nan	nan	nan	nan	nan	nan
90.713514	0.6238576166	1.01328082665e-05	9.9478956446e-06	nan	nan	nan	nan	nan	nan
94.089746	0.647076737498	1.01328082665e-05	9.9478956446e-06	nan	nan	nan	nan	nan	nan
94.089746	0.647076737498	1.01328082665e-05	9.9478956446e-06	nan	nan	nan	nan	nan	nan
95.391686	0.656030477128	1.01328082665e-05	9.9478956446e-06	nan	nan	nan	nan	nan	nan
95.391686	0.656030477128	1.01328082665e-05	9.9478956446e-06	nan	nan	nan	nan	nan	nan
95.6982	0.658138444123	1.01328082665e-05	9.9478956446e-06	nan	nan	nan	nan	nan	nan
96.1982	0.661577058664	1.01328082665e-05	9.9478956446e-06	nan	nan	nan	nan	nan	nan
101.4894	0.697965853182	1.01328082665e-05	9.9478956446e-06	nan	nan	nan	nan	nan	nan
101.9894	0.701404467723	1.01328082665e-05	9.9478956446e-06	nan	nan	nan	nan	nan	nan
102.295914	0.703512434718	1.01328082665e-05	9.94789564459e-06	nan	nan	nan	nan	nan	nan
102.295914	0.703512434718	1.01328082665e-05	9.94789564459e-06	nan	nan	nan	nan	nan	nan
106.47142	0.732228346013	1.01328082665e-05	9.9478956446e-06	nan	nan	nan	nan	nan	nan
106.47142	0.732228346013	1.01328082665e-05	9.9478956446e-06	nan	nan	nan	nan	nan	nan
107.2806	0.737793262241	1.01328082665e-05	9.9478956446e-06	nan	nan	nan	nan	nan	nan
107.7806	0.741231876782	1.01328082665e-05	9.9478956446e-06	nan	nan	nan	nan	nan	nan
112.19136	0.771565683727	1.01328082665e-05	9.9478956446e-06	nan	nan	nan	nan	nan	nan
112.19136	0.771565683727	1.01328082665e-05	9.9478956446e-06	nan	nan	nan	nan	nan	nan
112.9218	0.776589086938	1.01328082665e-05	9.9478956446e-06	nan	nan	nan	nan	nan	nan
113.4218	0.780027701479	1.01328082665e-05	9.9478956446e-06	nan	nan	nan	nan	nan	nan
118.613	0.815728773089	1.01328082665e-05	9.9478956446e-06	nan	nan	nan	nan	nan	nan
119.313	0.820542833446	1.01328082665e-05	9.9478956446e-06	nan	nan	nan	nan	nan	nan
124.604	0.856930252518	1.01328082665e-05	9.9478956446e-06	nan	nan	nan	nan	nan	nan
125.604	0.8638074816	1.01328082665e-05	9.9478956446e-06	nan	nan	nan	nan	nan	nan
126.591444	0.870598360193	1.01328082665e-05	9.94789564459e-06	nan	nan	nan	nan	nan	nan
127.591444	0.877475589275	1.01328082665e-05	9.9478956446e-06	nan	nan	nan	nan	nan	nan
128.097919	0.880958733875	1.01328082665e-05	9.94789564459e-06	nan	nan	nan	nan	nan	nan
128.097919	0.880958733875	1.01328082665e-05	9.94789564459e-06	nan	nan	nan	nan	nan	nan
128.097919	0.880958733875	1.01328082665e-05	9.94789564459e-06	nan	nan	nan	nan	nan	nan
128.097919	0.880958733875	1.01328082665e-05	9.94789564459e-06	nan	nan	nan	nan	nan	nan
131.112989	0.901694060963	1.01328082665e-05	9.94789564459e-06	nan	nan	nan	nan	nan	nan
132.112989	0.908571290044	1.01328082665e-05	9.9478956446e-06	nan	nan	nan	nan	nan	nan
133.100433	0.915362168638	1.01328082665e-05	9.9478956446e-06	nan	nan	nan	nan	nan	nan
134.100433	0.92223939772	1.01328082665e-05	9.94789564459e-06	nan	nan	nan	nan	nan	nan
134.606908	0.925722542319	1.01328082665e-05	9.94789564459e-06	nan	nan	nan	nan	nan	nan
134.606908	0.925722542319	1.01328082665e-05	9.94789564459e-06	nan	nan	nan	nan	nan	nan
134.606908	0.925722542319	1.01328082665e-05	9.94789564459e-06	nan	nan	nan	nan	nan	nan
134.606908	0.925722542319	1.01328082665e-05	9.94789564459e-06	nan	nan	nan	nan	nan	nan
145.4074	1.0	1.01328082665e-05	9.9478956446e-06	nan	nan	nan	nan	nan	nan
