0.000000000000000000e+00
5.122950819672130764e-03
1.536885245901639316e-02
2.561475409836065642e-02
3.586065573770491621e-02
4.610655737704917601e-02
5.635245901639343580e-02
6.659836065573769559e-02
7.684426229508195538e-02
8.709016393442621518e-02
9.733606557377047497e-02
1.075819672131147348e-01
1.178278688524589946e-01
1.280737704918032682e-01
1.383196721311475419e-01
1.485655737704918156e-01
1.588114754098360892e-01
1.690573770491803629e-01
1.793032786885246366e-01
1.895491803278689102e-01
1.997950819672131839e-01
2.100409836065574576e-01
2.202868852459017313e-01
2.305327868852460049e-01
2.407786885245902786e-01
2.510245901639345245e-01
2.612704918032787704e-01
2.715163934426230163e-01
2.817622950819672623e-01
2.920081967213115082e-01
3.022540983606557541e-01
3.125000000000000000e-01
3.227459016393442459e-01
3.329918032786884918e-01
3.432377049180327377e-01
3.534836065573769837e-01
3.637295081967212296e-01
3.739754098360654755e-01
3.842213114754097214e-01
3.944672131147539673e-01
4.047131147540982132e-01
4.149590163934424591e-01
4.252049180327867051e-01
4.354508196721309510e-01
4.456967213114751969e-01
4.559426229508194428e-01
4.661885245901636887e-01
4.764344262295079346e-01
4.866803278688521806e-01
4.969262295081964265e-01
5.071721311475406724e-01
5.174180327868849183e-01
5.276639344262291642e-01
5.379098360655734101e-01
5.481557377049176560e-01
5.584016393442619020e-01
5.686475409836061479e-01
5.788934426229503938e-01
5.891393442622946397e-01
5.993852459016388856e-01
6.096311475409831315e-01
6.198770491803273774e-01
6.249999999999995559e-01
6.349999999999995648e-01
6.449999999999995737e-01
6.549999999999995826e-01
6.649999999999995914e-01
6.749999999999996003e-01
6.849999999999996092e-01
6.949999999999996181e-01
7.049999999999996270e-01
7.149999999999996358e-01
7.249999999999996447e-01
7.349999999999996536e-01
7.449999999999996625e-01
7.549999999999996714e-01
7.649999999999996803e-01
7.749999999999996891e-01
7.849999999999996980e-01
7.949999999999997069e-01
8.049999999999997158e-01
8.149999999999997247e-01
8.249999999999997335e-01
8.349999999999997424e-01
8.449999999999997513e-01
8.549999999999997602e-01
8.649999999999997691e-01
8.749999999999997780e-01
8.849999999999997868e-01
8.949999999999997957e-01
9.049999999999998046e-01
9.149999999999998135e-01
9.249999999999998224e-01
9.349999999999998312e-01
9.449999999999998401e-01
9.549999999999998490e-01
9.649999999999998579e-01
9.749999999999998668e-01
9.849999999999998757e-01
9.949999999999998845e-01
1.004999999999999893e+00
1.014999999999999902e+00
1.024999999999999911e+00
1.034999999999999920e+00
1.044999999999999929e+00
1.054999999999999938e+00
1.064999999999999947e+00
1.074999999999999956e+00
1.084999999999999964e+00
1.094999999999999973e+00
1.104999999999999982e+00
1.114999999999999991e+00
1.125000000000000000e+00
1.135000000000000009e+00
1.145000000000000018e+00
1.155000000000000027e+00
1.165000000000000036e+00
1.175000000000000044e+00
1.185000000000000053e+00
1.195000000000000062e+00
1.205000000000000071e+00
1.215000000000000080e+00
1.225000000000000089e+00
1.235000000000000098e+00
1.245000000000000107e+00
1.255000000000000115e+00
1.265000000000000124e+00
1.275000000000000133e+00
1.285000000000000142e+00
1.295000000000000151e+00
1.305000000000000160e+00
1.315000000000000169e+00
1.325000000000000178e+00
1.335000000000000187e+00
1.345000000000000195e+00
1.355000000000000204e+00
1.365000000000000213e+00
1.375000000000000222e+00
1.385000000000000231e+00
1.395000000000000240e+00
1.405000000000000249e+00
1.415000000000000258e+00
1.425000000000000266e+00
1.435000000000000275e+00
1.445000000000000284e+00
1.455000000000000293e+00
1.465000000000000302e+00
1.475000000000000311e+00
1.485000000000000320e+00
1.495000000000000329e+00
1.505000000000000338e+00
1.515000000000000346e+00
1.525000000000000355e+00
1.535000000000000364e+00
1.545000000000000373e+00
1.555000000000000382e+00
1.565000000000000391e+00
1.575000000000000400e+00
1.585000000000000409e+00
1.595000000000000417e+00
1.605000000000000426e+00
1.615000000000000435e+00
1.625000000000000444e+00
1.635000000000000453e+00
1.645000000000000462e+00
1.655000000000000471e+00
1.665000000000000480e+00
1.675000000000000488e+00
1.685000000000000497e+00
1.695000000000000506e+00
1.705000000000000515e+00
1.715000000000000524e+00
1.725000000000000533e+00
1.735000000000000542e+00
1.745000000000000551e+00
1.755000000000000560e+00
1.765000000000000568e+00
1.775000000000000577e+00
1.785000000000000586e+00
1.795000000000000595e+00
1.805000000000000604e+00
1.815000000000000613e+00
1.825000000000000622e+00
1.835000000000000631e+00
1.845000000000000639e+00
1.855000000000000648e+00
1.865000000000000657e+00
1.875000000000000666e+00
1.880040322580645906e+00
1.890120967741936164e+00
1.900201612903226422e+00
1.910282258064516681e+00
1.920362903225806939e+00
1.930443548387097197e+00
1.940524193548387455e+00
1.950604838709677713e+00
1.960685483870967971e+00
1.970766129032258229e+00
1.980846774193548487e+00
1.990927419354838745e+00
2.001008064516129004e+00
2.011088709677419484e+00
2.021169354838709964e+00
2.031250000000000444e+00
2.041330645161290924e+00
2.051411290322581404e+00
2.061491935483871885e+00
2.071572580645162365e+00
2.081653225806452845e+00
2.091733870967743325e+00
2.101814516129033805e+00
2.111895161290324285e+00
2.121975806451614766e+00
2.132056451612905246e+00
2.142137096774195726e+00
2.152217741935486206e+00
2.162298387096776686e+00
2.172379032258067166e+00
2.182459677419357646e+00
2.192540322580648127e+00
2.202620967741938607e+00
2.212701612903229087e+00
2.222782258064519567e+00
2.232862903225810047e+00
2.242943548387100527e+00
2.253024193548391008e+00
2.263104838709681488e+00
2.273185483870971968e+00
2.283266129032262448e+00
2.293346774193552928e+00
2.303427419354843408e+00
2.313508064516133889e+00
2.323588709677424369e+00
2.333669354838714849e+00
2.343750000000005329e+00
2.353830645161295809e+00
2.363911290322586289e+00
2.373991935483876770e+00
2.384072580645167250e+00
2.394153225806457730e+00
2.404233870967748210e+00
2.414314516129038690e+00
2.424395161290329170e+00
2.434475806451619651e+00
2.444556451612910131e+00
2.454637096774200611e+00
2.464717741935491091e+00
2.474798387096781571e+00
2.484879032258072051e+00
2.494959677419362531e+00
2.505040322580653012e+00
2.515120967741943492e+00
2.525201612903233972e+00
2.535282258064524452e+00
2.545362903225814932e+00
2.555443548387105412e+00
2.565524193548395893e+00
2.575604838709686373e+00
2.585685483870976853e+00
2.595766129032267333e+00
2.605846774193557813e+00
2.615927419354848293e+00
2.626008064516138774e+00
2.636088709677429254e+00
2.646169354838719734e+00
2.656250000000010214e+00
2.666330645161300694e+00
2.676411290322591174e+00
2.686491935483881655e+00
2.696572580645172135e+00
2.706653225806462615e+00
2.716733870967753095e+00
2.726814516129043575e+00
2.736895161290334055e+00
2.746975806451624535e+00
2.757056451612915016e+00
2.767137096774205496e+00
2.777217741935495976e+00
2.787298387096786456e+00
2.797379032258076936e+00
2.807459677419367416e+00
2.817540322580657897e+00
2.827620967741948377e+00
2.837701612903238857e+00
2.847782258064529337e+00
2.857862903225819817e+00
2.867943548387110297e+00
2.878024193548400778e+00
2.888104838709691258e+00
2.898185483870981738e+00
2.908266129032272218e+00
2.918346774193562698e+00
2.928427419354853178e+00
2.938508064516143659e+00
2.948588709677434139e+00
2.958669354838724619e+00
2.968750000000015099e+00
2.978830645161305579e+00
2.988911290322596059e+00
2.998991935483886540e+00
3.009072580645177020e+00
3.019153225806467500e+00
3.029233870967757980e+00
3.039314516129048460e+00
3.049395161290338940e+00
3.059475806451629420e+00
3.069556451612919901e+00
3.079637096774210381e+00
3.089717741935500861e+00
3.099798387096791341e+00
3.109879032258081821e+00
3.119959677419372301e+00
3.125000000000017319e+00
3.135000000000017106e+00
3.145000000000016893e+00
3.155000000000016680e+00
3.165000000000016467e+00
3.175000000000016254e+00
3.185000000000016041e+00
3.195000000000015827e+00
3.205000000000015614e+00
3.215000000000015401e+00
3.225000000000015188e+00
3.235000000000014975e+00
3.245000000000014762e+00
3.255000000000014548e+00
3.265000000000014335e+00
3.275000000000014122e+00
3.285000000000013909e+00
3.295000000000013696e+00
3.305000000000013483e+00
3.315000000000013269e+00
3.325000000000013056e+00
3.335000000000012843e+00
3.345000000000012630e+00
3.355000000000012417e+00
3.365000000000012204e+00
3.375000000000011990e+00
3.385000000000011777e+00
3.395000000000011564e+00
3.405000000000011351e+00
3.415000000000011138e+00
3.425000000000010925e+00
3.435000000000010711e+00
3.445000000000010498e+00
3.455000000000010285e+00
3.465000000000010072e+00
3.475000000000009859e+00
3.485000000000009646e+00
3.495000000000009432e+00
3.505000000000009219e+00
3.515000000000009006e+00
3.525000000000008793e+00
3.535000000000008580e+00
3.545000000000008367e+00
3.555000000000008153e+00
3.565000000000007940e+00
3.575000000000007727e+00
3.585000000000007514e+00
3.595000000000007301e+00
3.605000000000007088e+00
3.615000000000006875e+00
3.625000000000006661e+00
3.635000000000006448e+00
3.645000000000006235e+00
3.655000000000006022e+00
3.665000000000005809e+00
3.675000000000005596e+00
3.685000000000005382e+00
3.695000000000005169e+00
3.705000000000004956e+00
3.715000000000004743e+00
3.725000000000004530e+00
3.735000000000004317e+00
3.745000000000004103e+00
3.755000000000003890e+00
3.765000000000003677e+00
3.775000000000003464e+00
3.785000000000003251e+00
3.795000000000003038e+00
3.805000000000002824e+00
3.815000000000002611e+00
3.825000000000002398e+00
3.835000000000002185e+00
3.845000000000001972e+00
3.855000000000001759e+00
3.865000000000001545e+00
3.875000000000001332e+00
3.885000000000001119e+00
3.895000000000000906e+00
3.905000000000000693e+00
3.915000000000000480e+00
3.925000000000000266e+00
3.935000000000000053e+00
3.944999999999999840e+00
3.954999999999999627e+00
3.964999999999999414e+00
3.974999999999999201e+00
3.984999999999998987e+00
3.994999999999998774e+00
4.004999999999999005e+00
4.014999999999998792e+00
4.024999999999998579e+00
4.034999999999998366e+00
4.044999999999998153e+00
4.054999999999997939e+00
4.064999999999997726e+00
4.074999999999997513e+00
4.084999999999997300e+00
4.094999999999997087e+00
4.104999999999996874e+00
4.114999999999996660e+00
4.124999999999996447e+00
4.134999999999996234e+00
4.144999999999996021e+00
4.154999999999995808e+00
4.164999999999995595e+00
4.174999999999995381e+00
4.184999999999995168e+00
4.194999999999994955e+00
4.204999999999994742e+00
4.214999999999994529e+00
4.224999999999994316e+00
4.234999999999994102e+00
4.244999999999993889e+00
4.254999999999993676e+00
4.264999999999993463e+00
4.274999999999993250e+00
4.284999999999993037e+00
4.294999999999992824e+00
4.304999999999992610e+00
4.314999999999992397e+00
4.324999999999992184e+00
4.334999999999991971e+00
4.344999999999991758e+00
4.354999999999991545e+00
4.364999999999991331e+00
4.374999999999991118e+00
4.380122950819663075e+00
4.390368852459006987e+00
4.400614754098350900e+00
4.410860655737694813e+00
4.421106557377038726e+00
4.431352459016382639e+00
4.441598360655726552e+00
4.451844262295070465e+00
4.462090163934414377e+00
4.472336065573758290e+00
4.482581967213102203e+00
4.492827868852446116e+00
4.503073770491790029e+00
4.513319672131133942e+00
4.523565573770477855e+00
4.533811475409821767e+00
4.544057377049165680e+00
4.554303278688509593e+00
4.564549180327853506e+00
4.574795081967197419e+00
4.585040983606541332e+00
4.595286885245885244e+00
4.605532786885229157e+00
4.615778688524573070e+00
4.626024590163916983e+00
4.636270491803260896e+00
4.646516393442604809e+00
4.656762295081948722e+00
4.667008196721292634e+00
4.677254098360636547e+00
4.687499999999980460e+00
4.697745901639324373e+00
4.707991803278668286e+00
4.718237704918012199e+00
4.728483606557356111e+00
4.738729508196700024e+00
4.748975409836043937e+00
4.759221311475387850e+00
4.769467213114731763e+00
4.779713114754075676e+00
4.789959016393419589e+00
4.800204918032763501e+00
4.810450819672107414e+00
4.820696721311451327e+00
4.830942622950795240e+00
4.841188524590139153e+00
4.851434426229483066e+00
4.861680327868826978e+00
4.871926229508170891e+00
4.882172131147514804e+00
4.892418032786858717e+00
4.902663934426202630e+00
4.912909836065546543e+00
4.923155737704890456e+00
4.933401639344234368e+00
4.943647540983578281e+00
4.953893442622922194e+00
4.964139344262266107e+00
4.974385245901610020e+00
4.984631147540953933e+00
4.994877049180297846e+00
4.999999999999969802e+00
4.999999999999969802e+00
5.000000000000000000e+00
