0.000000000000000000e+00
5.122950819672130764e-03
1.536885245901639316e-02
2.561475409836065642e-02
3.586065573770491621e-02
4.610655737704917601e-02
5.635245901639343580e-02
6.659836065573769559e-02
7.684426229508195538e-02
8.709016393442621518e-02
9.733606557377047497e-02
1.075819672131147348e-01
1.178278688524589946e-01
1.280737704918032682e-01
1.383196721311475419e-01
1.485655737704918156e-01
1.588114754098360892e-01
1.690573770491803629e-01
1.793032786885246366e-01
1.895491803278689102e-01
1.997950819672131839e-01
2.100409836065574576e-01
2.202868852459017313e-01
2.305327868852460049e-01
2.407786885245902786e-01
2.510245901639345245e-01
2.612704918032787704e-01
2.715163934426230163e-01
2.817622950819672623e-01
2.920081967213115082e-01
3.022540983606557541e-01
3.125000000000000000e-01
3.227459016393442459e-01
3.329918032786884918e-01
3.432377049180327377e-01
3.534836065573769837e-01
3.637295081967212296e-01
3.739754098360654755e-01
3.842213114754097214e-01
3.944672131147539673e-01
4.047131147540982132e-01
4.149590163934424591e-01
4.252049180327867051e-01
4.354508196721309510e-01
4.456967213114751969e-01
4.559426229508194428e-01
4.661885245901636887e-01
4.764344262295079346e-01
4.866803278688521806e-01
4.969262295081964265e-01
5.071721311475406724e-01
5.174180327868849183e-01
5.276639344262291642e-01
5.379098360655734101e-01
5.481557377049176560e-01
5.584016393442619020e-01
5.686475409836061479e-01
5.788934426229503938e-01
5.891393442622946397e-01
5.993852459016388856e-01
6.096311475409831315e-01
6.198770491803273774e-01
6.249999999999995559e-01
6.350806451612899250e-01
6.451612903225802942e-01
6.552419354838706633e-01
6.653225806451610325e-01
6.754032258064514016e-01
6.854838709677417707e-01
6.955645161290321399e-01
7.056451612903225090e-01
7.157258064516128782e-01
7.258064516129032473e-01
7.358870967741936164e-01
7.459677419354839856e-01
7.560483870967743547e-01
7.661290322580647238e-01
7.762096774193550930e-01
7.862903225806454621e-01
7.963709677419358313e-01
8.064516129032262004e-01
8.165322580645165695e-01
8.266129032258069387e-01
8.366935483870973078e-01
8.467741935483876770e-01
8.568548387096780461e-01
8.669354838709684152e-01
8.770161290322587844e-01
8.870967741935491535e-01
8.971774193548395226e-01
9.072580645161298918e-01
9.173387096774202609e-01
9.274193548387106301e-01
9.375000000000009992e-01
9.475806451612913683e-01
9.576612903225817375e-01
9.677419354838721066e-01
9.778225806451624758e-01
9.879032258064528449e-01
9.979838709677432140e-01
1.008064516129033583e+00
1.018145161290323841e+00
1.028225806451614099e+00
1.038306451612904358e+00
1.048387096774194616e+00
1.058467741935484874e+00
1.068548387096775132e+00
1.078629032258065390e+00
1.088709677419355648e+00
1.098790322580645906e+00
1.108870967741936164e+00
1.118951612903226422e+00
1.129032258064516681e+00
1.139112903225806939e+00
1.149193548387097197e+00
1.159274193548387455e+00
1.169354838709677713e+00
1.179435483870967971e+00
1.189516129032258229e+00
1.199596774193548487e+00
1.209677419354838745e+00
1.219758064516129004e+00
1.229838709677419262e+00
1.239919354838709520e+00
1.249999999999999778e+00
1.260080645161290036e+00
1.270161290322580294e+00
1.280241935483870552e+00
1.290322580645160810e+00
1.300403225806451069e+00
1.310483870967741327e+00
1.320564516129031585e+00
1.330645161290321843e+00
1.340725806451612101e+00
1.350806451612902359e+00
1.360887096774192617e+00
1.370967741935482875e+00
1.381048387096773133e+00
1.391129032258063392e+00
1.401209677419353650e+00
1.411290322580643908e+00
1.421370967741934166e+00
1.431451612903224424e+00
1.441532258064514682e+00
1.451612903225804940e+00
1.461693548387095198e+00
1.471774193548385457e+00
1.481854838709675715e+00
1.491935483870965973e+00
1.502016129032256231e+00
1.512096774193546489e+00
1.522177419354836747e+00
1.532258064516127005e+00
1.542338709677417263e+00
1.552419354838707521e+00
1.562499999999997780e+00
1.572580645161288038e+00
1.582661290322578296e+00
1.592741935483868554e+00
1.602822580645158812e+00
1.612903225806449070e+00
1.622983870967739328e+00
1.633064516129029586e+00
1.643145161290319844e+00
1.653225806451610103e+00
1.663306451612900361e+00
1.673387096774190619e+00
1.683467741935480877e+00
1.693548387096771135e+00
1.703629032258061393e+00
1.713709677419351651e+00
1.723790322580641909e+00
1.733870967741932168e+00
1.743951612903222426e+00
1.754032258064512684e+00
1.764112903225802942e+00
1.774193548387093200e+00
1.784274193548383458e+00
1.794354838709673716e+00
1.804435483870963974e+00
1.814516129032254232e+00
1.824596774193544491e+00
1.834677419354834749e+00
1.844758064516125007e+00
1.854838709677415265e+00
1.864919354838705523e+00
1.874999999999995781e+00
1.880040322580641021e+00
1.890120967741931279e+00
1.900201612903221537e+00
1.910282258064511796e+00
1.920362903225802054e+00
1.930443548387092312e+00
1.940524193548382570e+00
1.950604838709672828e+00
1.960685483870963086e+00
1.970766129032253344e+00
1.980846774193543602e+00
1.990927419354833861e+00
2.001008064516124119e+00
2.011088709677414599e+00
2.021169354838705079e+00
2.031249999999995559e+00
2.041330645161286039e+00
2.051411290322576519e+00
2.061491935483867000e+00
2.071572580645157480e+00
2.081653225806447960e+00
2.091733870967738440e+00
2.101814516129028920e+00
2.111895161290319400e+00
2.121975806451609881e+00
2.132056451612900361e+00
2.142137096774190841e+00
2.152217741935481321e+00
2.162298387096771801e+00
2.172379032258062281e+00
2.182459677419352762e+00
2.192540322580643242e+00
2.202620967741933722e+00
2.212701612903224202e+00
2.222782258064514682e+00
2.232862903225805162e+00
2.242943548387095642e+00
2.253024193548386123e+00
2.263104838709676603e+00
2.273185483870967083e+00
2.283266129032257563e+00
2.293346774193548043e+00
2.303427419354838523e+00
2.313508064516129004e+00
2.323588709677419484e+00
2.333669354838709964e+00
2.343750000000000444e+00
2.353830645161290924e+00
2.363911290322581404e+00
2.373991935483871885e+00
2.384072580645162365e+00
2.394153225806452845e+00
2.404233870967743325e+00
2.414314516129033805e+00
2.424395161290324285e+00
2.434475806451614766e+00
2.444556451612905246e+00
2.454637096774195726e+00
2.464717741935486206e+00
2.474798387096776686e+00
2.484879032258067166e+00
2.494959677419357646e+00
2.505040322580648127e+00
2.515120967741938607e+00
2.525201612903229087e+00
2.535282258064519567e+00
2.545362903225810047e+00
2.555443548387100527e+00
2.565524193548391008e+00
2.575604838709681488e+00
2.585685483870971968e+00
2.595766129032262448e+00
2.605846774193552928e+00
2.615927419354843408e+00
2.626008064516133889e+00
2.636088709677424369e+00
2.646169354838714849e+00
2.656250000000005329e+00
2.666330645161295809e+00
2.676411290322586289e+00
2.686491935483876770e+00
2.696572580645167250e+00
2.706653225806457730e+00
2.716733870967748210e+00
2.726814516129038690e+00
2.736895161290329170e+00
2.746975806451619651e+00
2.757056451612910131e+00
2.767137096774200611e+00
2.777217741935491091e+00
2.787298387096781571e+00
2.797379032258072051e+00
2.807459677419362531e+00
2.817540322580653012e+00
2.827620967741943492e+00
2.837701612903233972e+00
2.847782258064524452e+00
2.857862903225814932e+00
2.867943548387105412e+00
2.878024193548395893e+00
2.888104838709686373e+00
2.898185483870976853e+00
2.908266129032267333e+00
2.918346774193557813e+00
2.928427419354848293e+00
2.938508064516138774e+00
2.948588709677429254e+00
2.958669354838719734e+00
2.968750000000010214e+00
2.978830645161300694e+00
2.988911290322591174e+00
2.998991935483881655e+00
3.009072580645172135e+00
3.019153225806462615e+00
3.029233870967753095e+00
3.039314516129043575e+00
3.049395161290334055e+00
3.059475806451624535e+00
3.069556451612915016e+00
3.079637096774205496e+00
3.089717741935495976e+00
3.099798387096786456e+00
3.109879032258076936e+00
3.119959677419367416e+00
3.125000000000012434e+00
3.135080645161302915e+00
3.145161290322593395e+00
3.155241935483883875e+00
3.165322580645174355e+00
3.175403225806464835e+00
3.185483870967755315e+00
3.195564516129045796e+00
3.205645161290336276e+00
3.215725806451626756e+00
3.225806451612917236e+00
3.235887096774207716e+00
3.245967741935498196e+00
3.256048387096788677e+00
3.266129032258079157e+00
3.276209677419369637e+00
3.286290322580660117e+00
3.296370967741950597e+00
3.306451612903241077e+00
3.316532258064531558e+00
3.326612903225822038e+00
3.336693548387112518e+00
3.346774193548402998e+00
3.356854838709693478e+00
3.366935483870983958e+00
3.377016129032274439e+00
3.387096774193564919e+00
3.397177419354855399e+00
3.407258064516145879e+00
3.417338709677436359e+00
3.427419354838726839e+00
3.437500000000017319e+00
3.447580645161307800e+00
3.457661290322598280e+00
3.467741935483888760e+00
3.477822580645179240e+00
3.487903225806469720e+00
3.497983870967760200e+00
3.508064516129050681e+00
3.518145161290341161e+00
3.528225806451631641e+00
3.538306451612922121e+00
3.548387096774212601e+00
3.558467741935503081e+00
3.568548387096793562e+00
3.578629032258084042e+00
3.588709677419374522e+00
3.598790322580665002e+00
3.608870967741955482e+00
3.618951612903245962e+00
3.629032258064536443e+00
3.639112903225826923e+00
3.649193548387117403e+00
3.659274193548407883e+00
3.669354838709698363e+00
3.679435483870988843e+00
3.689516129032279323e+00
3.699596774193569804e+00
3.709677419354860284e+00
3.719758064516150764e+00
3.729838709677441244e+00
3.739919354838731724e+00
3.750000000000022204e+00
3.760080645161312685e+00
3.770161290322603165e+00
3.780241935483893645e+00
3.790322580645184125e+00
3.800403225806474605e+00
3.810483870967765085e+00
3.820564516129055566e+00
3.830645161290346046e+00
3.840725806451636526e+00
3.850806451612927006e+00
3.860887096774217486e+00
3.870967741935507966e+00
3.881048387096798447e+00
3.891129032258088927e+00
3.901209677419379407e+00
3.911290322580669887e+00
3.921370967741960367e+00
3.931451612903250847e+00
3.941532258064541328e+00
3.951612903225831808e+00
3.961693548387122288e+00
3.971774193548412768e+00
3.981854838709703248e+00
3.991935483870993728e+00
4.002016129032283764e+00
4.012096774193573800e+00
4.022177419354863837e+00
4.032258064516153873e+00
4.042338709677443909e+00
4.052419354838733945e+00
4.062500000000023981e+00
4.072580645161314017e+00
4.082661290322604053e+00
4.092741935483894089e+00
4.102822580645184125e+00
4.112903225806474161e+00
4.122983870967764197e+00
4.133064516129054233e+00
4.143145161290344269e+00
4.153225806451634305e+00
4.163306451612924342e+00
4.173387096774214378e+00
4.183467741935504414e+00
4.193548387096794450e+00
4.203629032258084486e+00
4.213709677419374522e+00
4.223790322580664558e+00
4.233870967741954594e+00
4.243951612903244630e+00
4.254032258064534666e+00
4.264112903225824702e+00
4.274193548387114738e+00
4.284274193548404774e+00
4.294354838709694810e+00
4.304435483870984847e+00
4.314516129032274883e+00
4.324596774193564919e+00
4.334677419354854955e+00
4.344758064516144991e+00
4.354838709677435027e+00
4.364919354838725063e+00
4.375000000000015099e+00
4.380122950819687055e+00
4.390368852459030968e+00
4.400614754098374881e+00
4.410860655737718794e+00
4.421106557377062707e+00
4.431352459016406620e+00
4.441598360655750533e+00
4.451844262295094445e+00
4.462090163934438358e+00
4.472336065573782271e+00
4.482581967213126184e+00
4.492827868852470097e+00
4.503073770491814010e+00
4.513319672131157922e+00
4.523565573770501835e+00
4.533811475409845748e+00
4.544057377049189661e+00
4.554303278688533574e+00
4.564549180327877487e+00
4.574795081967221400e+00
4.585040983606565312e+00
4.595286885245909225e+00
4.605532786885253138e+00
4.615778688524597051e+00
4.626024590163940964e+00
4.636270491803284877e+00
4.646516393442628790e+00
4.656762295081972702e+00
4.667008196721316615e+00
4.677254098360660528e+00
4.687500000000004441e+00
4.697745901639348354e+00
4.707991803278692267e+00
4.718237704918036179e+00
4.728483606557380092e+00
4.738729508196724005e+00
4.748975409836067918e+00
4.759221311475411831e+00
4.769467213114755744e+00
4.779713114754099657e+00
4.789959016393443569e+00
4.800204918032787482e+00
4.810450819672131395e+00
4.820696721311475308e+00
4.830942622950819221e+00
4.841188524590163134e+00
4.851434426229507046e+00
4.861680327868850959e+00
4.871926229508194872e+00
4.882172131147538785e+00
4.892418032786882698e+00
4.902663934426226611e+00
4.912909836065570524e+00
4.923155737704914436e+00
4.933401639344258349e+00
4.943647540983602262e+00
4.953893442622946175e+00
4.964139344262290088e+00
4.974385245901634001e+00
4.984631147540977913e+00
4.994877049180321826e+00
4.999999999999993783e+00
4.999999999999993783e+00
5.000000000000000000e+00
