Linux     SURVEY12/03/1314.27.08NotBatch       1       F     217
SNS RING TO TARGET TRANSFER LINE (13/Feb/06)                                    
LINEINITIAL             0.000000 0.000000000E+00 0.000000000E+00 0.000000000E+00
 0.000000000E+00 0.000000000E+00 0.000000000E+00 0.000000000E+00 0.000000000E+00
 1.012536122E+04 2.000000000E+03 2.003533090E+04 0.000000000E+00
-1.570796327E+00 0.000000000E+00 0.000000000E+00
DRIFQ9D                 0.010712 0.000000000E+00 0.000000000E+00 0.000000000E+00
 0.000000000E+00 0.000000000E+00 0.000000000E+00 0.000000000E+00 0.000000000E+00
 1.012535051E+04 2.000000000E+03 2.003533090E+04 1.071200000E-02
-1.570796327E+00 0.000000000E+00 0.000000000E+00
DRIFDDMCV_X09B          0.097421 0.000000000E+00 0.000000000E+00 0.000000000E+00
 0.000000000E+00 0.000000000E+00 0.000000000E+00 0.000000000E+00 0.000000000E+00
 1.012525309E+04 2.000000000E+03 2.003533090E+04 1.081326000E-01
-1.570796327E+00 0.000000000E+00 0.000000000E+00
MONIBPM_C09             0.000000 0.000000000E+00 0.000000000E+00 0.000000000E+00
 0.000000000E+00 0.000000000E+00 0.000000000E+00 0.000000000E+00 0.000000000E+00
 1.012525309E+04 2.000000000E+03 2.003533090E+04 1.081326000E-01
-1.570796327E+00 0.000000000E+00 0.000000000E+00
DRIFDDMCV_X09A          0.195079 0.000000000E+00 0.000000000E+00 0.000000000E+00
 0.000000000E+00 0.000000000E+00 0.000000000E+00 0.000000000E+00 0.000000000E+00
 1.012505801E+04 2.000000000E+03 2.003533090E+04 3.032120000E-01
-1.570796327E+00 0.000000000E+00 0.000000000E+00
VKICDMCV_C09            0.000000 0.000000000E+00 0.000000000E+00 0.000000000E+00
 0.000000000E+00 0.000000000E+00 0.000000000E+00 0.000000000E+00 0.000000000E+00
 1.012505801E+04 2.000000000E+03 2.003533090E+04 3.032120000E-01
-1.570796327E+00 0.000000000E+00 0.000000000E+00
MULTQSC_C09             0.000000 0.000000000E+00 0.000000000E+00 0.000000000E+00
 0.000000000E+00 0.000000000E+00 7.853981634E-01 0.000000000E+00 0.000000000E+00
 1.012505801E+04 2.000000000E+03 2.003533090E+04 3.032120000E-01
-1.570796327E+00 0.000000000E+00 0.000000000E+00
MULTSSXC_C09            0.000000 0.000000000E+00 0.000000000E+00 0.000000000E+00
 0.000000000E+00 0.000000000E+00 0.000000000E+00 5.235987756E-01 0.000000000E+00
 1.012505801E+04 2.000000000E+03 2.003533090E+04 3.032120000E-01
-1.570796327E+00 0.000000000E+00 0.000000000E+00
DRIFDDMCV_X09           0.292500 0.000000000E+00 0.000000000E+00 0.000000000E+00
 0.000000000E+00 0.000000000E+00 0.000000000E+00 0.000000000E+00 0.000000000E+00
 1.012476551E+04 2.000000000E+03 2.003533090E+04 5.957120000E-01
-1.570796327E+00 0.000000000E+00 0.000000000E+00
DRIFRTBTMARK            1.603500 0.000000000E+00 0.000000000E+00 0.000000000E+00
 0.000000000E+00 0.000000000E+00 0.000000000E+00 0.000000000E+00 0.000000000E+00
 1.012316201E+04 2.000000000E+03 2.003533090E+04 2.199212000E+00
-1.570796327E+00 0.000000000E+00 0.000000000E+00
DRIFSEKLBEG1            0.197788 0.000000000E+00 0.000000000E+00 0.000000000E+00
 0.000000000E+00 0.000000000E+00 0.000000000E+00 0.000000000E+00 0.000000000E+00
 1.012296422E+04 2.000000000E+03 2.003533090E+04 2.397000000E+00
-1.570796327E+00 0.000000000E+00 0.000000000E+00
VKICEKICK01             0.400000 0.000000000E+00 0.000000000E+00 0.000000000E+00
 0.000000000E+00-1.719000000E-03 0.000000000E+00 0.000000000E+00 0.000000000E+00
 1.012256422E+04 2.000000000E+03 2.003533090E+04 2.797000000E+00
-1.570796327E+00 0.000000000E+00 0.000000000E+00
DRIFSEK02               0.080000 0.000000000E+00 0.000000000E+00 0.000000000E+00
 0.000000000E+00 0.000000000E+00 0.000000000E+00 0.000000000E+00 0.000000000E+00
 1.012248422E+04 2.000000000E+03 2.003533090E+04 2.877000000E+00
-1.570796327E+00 0.000000000E+00 0.000000000E+00
VKICEKICK02             0.400000 0.000000000E+00 0.000000000E+00 0.000000000E+00
 0.000000000E+00-1.424000000E-03 0.000000000E+00 0.000000000E+00 0.000000000E+00
 1.012208422E+04 2.000000000E+03 2.003533090E+04 3.277000000E+00
-1.570796327E+00 0.000000000E+00 0.000000000E+00
DRIFSEK03               0.080000 0.000000000E+00 0.000000000E+00 0.000000000E+00
 0.000000000E+00 0.000000000E+00 0.000000000E+00 0.000000000E+00 0.000000000E+00
 1.012200422E+04 2.000000000E+03 2.003533090E+04 3.357000000E+00
-1.570796327E+00 0.000000000E+00 0.000000000E+00
VKICEKICK03             0.400000 0.000000000E+00 0.000000000E+00 0.000000000E+00
 0.000000000E+00-1.424000000E-03 0.000000000E+00 0.000000000E+00 0.000000000E+00
 1.012160422E+04 2.000000000E+03 2.003533090E+04 3.757000000E+00
-1.570796327E+00 0.000000000E+00 0.000000000E+00
DRIFSEK04               0.080500 0.000000000E+00 0.000000000E+00 0.000000000E+00
 0.000000000E+00 0.000000000E+00 0.000000000E+00 0.000000000E+00 0.000000000E+00
 1.012152372E+04 2.000000000E+03 2.003533090E+04 3.837500000E+00
-1.570796327E+00 0.000000000E+00 0.000000000E+00
VKICEKICK04             0.505000 0.000000000E+00 0.000000000E+00 0.000000000E+00
 0.000000000E+00-1.468000000E-03 0.000000000E+00 0.000000000E+00 0.000000000E+00
 1.012101872E+04 2.000000000E+03 2.003533090E+04 4.342500000E+00
-1.570796327E+00 0.000000000E+00 0.000000000E+00
DRIFSEK05               0.080000 0.000000000E+00 0.000000000E+00 0.000000000E+00
 0.000000000E+00 0.000000000E+00 0.000000000E+00 0.000000000E+00 0.000000000E+00
 1.012093872E+04 2.000000000E+03 2.003533090E+04 4.422500000E+00
-1.570796327E+00 0.000000000E+00 0.000000000E+00
VKICEKICK05             0.505000 0.000000000E+00 0.000000000E+00 0.000000000E+00
 0.000000000E+00-1.468000000E-03 0.000000000E+00 0.000000000E+00 0.000000000E+00
 1.012043372E+04 2.000000000E+03 2.003533090E+04 4.927500000E+00
-1.570796327E+00 0.000000000E+00 0.000000000E+00
DRIFSEK06               0.080000 0.000000000E+00 0.000000000E+00 0.000000000E+00
 0.000000000E+00 0.000000000E+00 0.000000000E+00 0.000000000E+00 0.000000000E+00
 1.012035372E+04 2.000000000E+03 2.003533090E+04 5.007500000E+00
-1.570796327E+00 0.000000000E+00 0.000000000E+00
VKICEKICK06             0.505000 0.000000000E+00 0.000000000E+00 0.000000000E+00
 0.000000000E+00-1.231000000E-03 0.000000000E+00 0.000000000E+00 0.000000000E+00
 1.011984872E+04 2.000000000E+03 2.003533090E+04 5.512500000E+00
-1.570796327E+00 0.000000000E+00 0.000000000E+00
DRIFSEK07               0.080000 0.000000000E+00 0.000000000E+00 0.000000000E+00
 0.000000000E+00 0.000000000E+00 0.000000000E+00 0.000000000E+00 0.000000000E+00
 1.011976872E+04 2.000000000E+03 2.003533090E+04 5.592500000E+00
-1.570796327E+00 0.000000000E+00 0.000000000E+00
VKICEKICK07             0.505000 0.000000000E+00 0.000000000E+00 0.000000000E+00
 0.000000000E+00-1.231000000E-03 0.000000000E+00 0.000000000E+00 0.000000000E+00
 1.011926372E+04 2.000000000E+03 2.003533090E+04 6.097500000E+00
-1.570796327E+00 0.000000000E+00 0.000000000E+00
DRIFSEKLEND1            0.132204 0.000000000E+00 0.000000000E+00 0.000000000E+00
 0.000000000E+00 0.000000000E+00 0.000000000E+00 0.000000000E+00 0.000000000E+00
 1.011913152E+04 2.000000000E+03 2.003533090E+04 6.229704000E+00
-1.570796327E+00 0.000000000E+00 0.000000000E+00
DRIFDDCHV_X10           0.316500 0.000000000E+00 0.000000000E+00 0.000000000E+00
 0.000000000E+00 0.000000000E+00 0.000000000E+00 0.000000000E+00 0.000000000E+00
 1.011881502E+04 2.000000000E+03 2.003533090E+04 6.546204000E+00
-1.570796327E+00 0.000000000E+00 0.000000000E+00
KICKDCHV_C10            0.000000 0.000000000E+00 0.000000000E+00 0.000000000E+00
 0.000000000E+00 0.000000000E+00 0.000000000E+00 0.000000000E+00 0.000000000E+00
 1.011881502E+04 2.000000000E+03 2.003533090E+04 6.546204000E+00
-1.570796327E+00 0.000000000E+00 0.000000000E+00
DRIFDDCHV_X10A          0.136424 0.000000000E+00 0.000000000E+00 0.000000000E+00
 0.000000000E+00 0.000000000E+00 0.000000000E+00 0.000000000E+00 0.000000000E+00
 1.011867859E+04 2.000000000E+03 2.003533090E+04 6.682627500E+00
-1.570796327E+00 0.000000000E+00 0.000000000E+00
MONIBPM_C10             0.000000 0.000000000E+00 0.000000000E+00 0.000000000E+00
 0.000000000E+00 0.000000000E+00 0.000000000E+00 0.000000000E+00 0.000000000E+00
 1.011867859E+04 2.000000000E+03 2.003533090E+04 6.682627500E+00
-1.570796327E+00 0.000000000E+00 0.000000000E+00
DRIFDDCHV_X10B          0.180077 0.000000000E+00 0.000000000E+00 0.000000000E+00
 0.000000000E+00 0.000000000E+00 0.000000000E+00 0.000000000E+00 0.000000000E+00
 1.011849852E+04 2.000000000E+03 2.003533090E+04 6.862704000E+00
-1.570796327E+00 0.000000000E+00 0.000000000E+00
DRIFQ10U                0.000796 0.000000000E+00 0.000000000E+00 0.000000000E+00
 0.000000000E+00 0.000000000E+00 0.000000000E+00 0.000000000E+00 0.000000000E+00
 1.011849772E+04 2.000000000E+03 2.003533090E+04 6.863500000E+00
-1.570796327E+00 0.000000000E+00 0.000000000E+00
QUADQTH_C10             0.673000 0.000000000E+00 6.413610698E-01 0.000000000E+00
 0.000000000E+00 0.000000000E+00 0.000000000E+00 0.000000000E+00 0.000000000E+00
 1.011782472E+04 2.000000000E+03 2.003533090E+04 7.536500000E+00
-1.570796327E+00 0.000000000E+00 0.000000000E+00
DRIFVV                  0.422000 0.000000000E+00 0.000000000E+00 0.000000000E+00
 0.000000000E+00 0.000000000E+00 0.000000000E+00 0.000000000E+00 0.000000000E+00
 1.011740272E+04 2.000000000E+03 2.003533090E+04 7.958500000E+00
-1.570796327E+00 0.000000000E+00 0.000000000E+00
QUADQTV_C11             0.533000 0.000000000E+00-6.773996248E-01 0.000000000E+00
 0.000000000E+00 0.000000000E+00 0.000000000E+00 0.000000000E+00 0.000000000E+00
 1.011686972E+04 2.000000000E+03 2.003533090E+04 8.491500000E+00
-1.570796327E+00 0.000000000E+00 0.000000000E+00
DRIFSEKLBEG2            0.467750 0.000000000E+00 0.000000000E+00 0.000000000E+00
 0.000000000E+00 0.000000000E+00 0.000000000E+00 0.000000000E+00 0.000000000E+00
 1.011640197E+04 2.000000000E+03 2.003533090E+04 8.959250000E+00
-1.570796327E+00 0.000000000E+00 0.000000000E+00
VKICEKICK08             0.427500 0.000000000E+00 0.000000000E+00 0.000000000E+00
 0.000000000E+00-1.276000000E-03 0.000000000E+00 0.000000000E+00 0.000000000E+00
 1.011597447E+04 2.000000000E+03 2.003533090E+04 9.386750000E+00
-1.570796327E+00 0.000000000E+00 0.000000000E+00
DRIFSEK09               0.081500 0.000000000E+00 0.000000000E+00 0.000000000E+00
 0.000000000E+00 0.000000000E+00 0.000000000E+00 0.000000000E+00 0.000000000E+00
 1.011589297E+04 2.000000000E+03 2.003533090E+04 9.468250000E+00
-1.570796327E+00 0.000000000E+00 0.000000000E+00
VKICEKICK09             0.427500 0.000000000E+00 0.000000000E+00 0.000000000E+00
 0.000000000E+00-1.276000000E-03 0.000000000E+00 0.000000000E+00 0.000000000E+00
 1.011546547E+04 2.000000000E+03 2.003533090E+04 9.895750000E+00
-1.570796327E+00 0.000000000E+00 0.000000000E+00
DRIFSEK10               0.082500 0.000000000E+00 0.000000000E+00 0.000000000E+00
 0.000000000E+00 0.000000000E+00 0.000000000E+00 0.000000000E+00 0.000000000E+00
 1.011538297E+04 2.000000000E+03 2.003533090E+04 9.978250000E+00
-1.570796327E+00 0.000000000E+00 0.000000000E+00
VKICEKICK10             0.427500 0.000000000E+00 0.000000000E+00 0.000000000E+00
 0.000000000E+00-1.276000000E-03 0.000000000E+00 0.000000000E+00 0.000000000E+00
 1.011495547E+04 2.000000000E+03 2.003533090E+04 1.040575000E+01
-1.570796327E+00 0.000000000E+00 0.000000000E+00
DRIFSEK11               0.078500 0.000000000E+00 0.000000000E+00 0.000000000E+00
 0.000000000E+00 0.000000000E+00 0.000000000E+00 0.000000000E+00 0.000000000E+00
 1.011487697E+04 2.000000000E+03 2.003533090E+04 1.048425000E+01
-1.570796327E+00 0.000000000E+00 0.000000000E+00
VKICEKICK11             0.427500 0.000000000E+00 0.000000000E+00 0.000000000E+00
 0.000000000E+00-1.276000000E-03 0.000000000E+00 0.000000000E+00 0.000000000E+00
 1.011444947E+04 2.000000000E+03 2.003533090E+04 1.091175000E+01
-1.570796327E+00 0.000000000E+00 0.000000000E+00
DRIFSEK12               0.080550 0.000000000E+00 0.000000000E+00 0.000000000E+00
 0.000000000E+00 0.000000000E+00 0.000000000E+00 0.000000000E+00 0.000000000E+00
 1.011436892E+04 2.000000000E+03 2.003533090E+04 1.099230000E+01
-1.570796327E+00 0.000000000E+00 0.000000000E+00
VKICEKICK12             0.390000 0.000000000E+00 0.000000000E+00 0.000000000E+00
 0.000000000E+00-1.365000000E-03 0.000000000E+00 0.000000000E+00 0.000000000E+00
 1.011397892E+04 2.000000000E+03 2.003533090E+04 1.138230000E+01
-1.570796327E+00 0.000000000E+00 0.000000000E+00
DRIFSEK13               0.079300 0.000000000E+00 0.000000000E+00 0.000000000E+00
 0.000000000E+00 0.000000000E+00 0.000000000E+00 0.000000000E+00 0.000000000E+00
 1.011389962E+04 2.000000000E+03 2.003533090E+04 1.146160000E+01
-1.570796327E+00 0.000000000E+00 0.000000000E+00
VKICEKICK13             0.390000 0.000000000E+00 0.000000000E+00 0.000000000E+00
 0.000000000E+00-1.365000000E-03 0.000000000E+00 0.000000000E+00 0.000000000E+00
 1.011350962E+04 2.000000000E+03 2.003533090E+04 1.185160000E+01
-1.570796327E+00 0.000000000E+00 0.000000000E+00
DRIFSEK14               0.081100 0.000000000E+00 0.000000000E+00 0.000000000E+00
 0.000000000E+00 0.000000000E+00 0.000000000E+00 0.000000000E+00 0.000000000E+00
 1.011342852E+04 2.000000000E+03 2.003533090E+04 1.193270000E+01
-1.570796327E+00 0.000000000E+00 0.000000000E+00
VKICEKICK14             0.390000 0.000000000E+00 0.000000000E+00 0.000000000E+00
 0.000000000E+00-1.365000000E-03 0.000000000E+00 0.000000000E+00 0.000000000E+00
 1.011303852E+04 2.000000000E+03 2.003533090E+04 1.232270000E+01
-1.570796327E+00 0.000000000E+00 0.000000000E+00
DRIFSEKLEND2            2.427300 0.000000000E+00 0.000000000E+00 0.000000000E+00
 0.000000000E+00 0.000000000E+00 0.000000000E+00 0.000000000E+00 0.000000000E+00
 1.011061122E+04 2.000000000E+03 2.003533090E+04 1.475000000E+01
-1.570796327E+00 0.000000000E+00 0.000000000E+00
DRIFWW                  3.129250 0.000000000E+00 0.000000000E+00 0.000000000E+00
 0.000000000E+00 0.000000000E+00 0.000000000E+00 0.000000000E+00 0.000000000E+00
 1.010748197E+04 2.000000000E+03 2.003533090E+04 1.787925000E+01
-1.570796327E+00 0.000000000E+00 0.000000000E+00
DRIFWW2                 0.560771 0.000000000E+00 0.000000000E+00 0.000000000E+00
 0.000000000E+00 0.000000000E+00 0.000000000E+00 0.000000000E+00 0.000000000E+00
 1.010692120E+04 2.000000000E+03 2.003533090E+04 1.844002100E+01
-1.570796327E+00 0.000000000E+00 0.000000000E+00
SBENSPTMS1              1.240000-1.467647368E-01 0.000000000E+00 0.000000000E+00
 0.000000000E+00 0.000000000E+00-1.467647368E-01 0.000000000E+00 0.000000000E+00
 1.010568565E+04 2.000000000E+03 2.003542173E+04 1.968002100E+01
-1.424031590E+00 0.000000000E+00 0.000000000E+00
SBENSPTMS2              1.240000-1.467647368E-01 0.000000000E+00 0.000000000E+00
 0.000000000E+00 0.000000000E+00-1.467647368E-01 0.000000000E+00 0.000000000E+00
 1.010447666E+04 2.000000000E+03 2.003569227E+04 2.092002100E+01
-1.277266853E+00 0.000000000E+00 0.000000000E+00
DRIFD1A                 3.608777 0.000000000E+00 0.000000000E+00 0.000000000E+00
 0.000000000E+00 0.000000000E+00 0.000000000E+00 0.000000000E+00 0.000000000E+00
 1.010102223E+04 2.000000000E+03 2.003673641E+04 2.452879800E+01
-1.277266853E+00 0.000000000E+00 0.000000000E+00
QUADQ01                 0.533000 0.000000000E+00-6.029283019E-01 0.000000000E+00
 0.000000000E+00 0.000000000E+00 0.000000000E+00 0.000000000E+00 0.000000000E+00
 1.010051203E+04 2.000000000E+03 2.003689062E+04 2.506179800E+01
-1.277266853E+00 0.000000000E+00 0.000000000E+00
DRIFD2A                 0.357000 0.000000000E+00 0.000000000E+00 0.000000000E+00
 0.000000000E+00 0.000000000E+00 0.000000000E+00 0.000000000E+00 0.000000000E+00
 1.010017030E+04 2.000000000E+03 2.003699391E+04 2.541879800E+01
-1.277266853E+00 0.000000000E+00 0.000000000E+00
QUADQ02                 0.673000 0.000000000E+00 6.000870844E-01 0.000000000E+00
 0.000000000E+00 0.000000000E+00 0.000000000E+00 0.000000000E+00 0.000000000E+00
 1.009952609E+04 2.000000000E+03 2.003718863E+04 2.609179800E+01
-1.277266853E+00 0.000000000E+00 0.000000000E+00
DRIFD2B                 3.444500 0.000000000E+00 0.000000000E+00 0.000000000E+00
 0.000000000E+00 0.000000000E+00 0.000000000E+00 0.000000000E+00 0.000000000E+00
 1.009622891E+04 2.000000000E+03 2.003818524E+04 2.953629800E+01
-1.277266853E+00 0.000000000E+00 0.000000000E+00
MONIWS02                0.000000 0.000000000E+00 0.000000000E+00 0.000000000E+00
 0.000000000E+00 0.000000000E+00 0.000000000E+00 0.000000000E+00 0.000000000E+00
 1.009622891E+04 2.000000000E+03 2.003818524E+04 2.953629800E+01
-1.277266853E+00 0.000000000E+00 0.000000000E+00
DRIFD3A                 1.469000 0.000000000E+00 0.000000000E+00 0.000000000E+00
 0.000000000E+00 0.000000000E+00 0.000000000E+00 0.000000000E+00 0.000000000E+00
 1.009482274E+04 2.000000000E+03 2.003861027E+04 3.100529800E+01
-1.277266853E+00 0.000000000E+00 0.000000000E+00
QUADQ03                 0.500000 0.000000000E+00-5.459918778E-01 0.000000000E+00
 0.000000000E+00 0.000000000E+00 0.000000000E+00 0.000000000E+00 0.000000000E+00
 1.009434413E+04 2.000000000E+03 2.003875494E+04 3.150529800E+01
-1.277266853E+00 0.000000000E+00 0.000000000E+00
DRIFD4A                 3.360800 0.000000000E+00 0.000000000E+00 0.000000000E+00
 0.000000000E+00 0.000000000E+00 0.000000000E+00 0.000000000E+00 0.000000000E+00
 1.009112707E+04 2.000000000E+03 2.003972732E+04 3.486609800E+01
-1.277266853E+00 0.000000000E+00 0.000000000E+00
QUADQ04                 0.500000 0.000000000E+00 5.993700043E-01 0.000000000E+00
 0.000000000E+00 0.000000000E+00 0.000000000E+00 0.000000000E+00 0.000000000E+00
 1.009064846E+04 2.000000000E+03 2.003987199E+04 3.536609800E+01
-1.277266853E+00 0.000000000E+00 0.000000000E+00
DRIFD5A                 3.360800 0.000000000E+00 0.000000000E+00 0.000000000E+00
 0.000000000E+00 0.000000000E+00 0.000000000E+00 0.000000000E+00 0.000000000E+00
 1.008743141E+04 2.000000000E+03 2.004084438E+04 3.872689800E+01
-1.277266853E+00 0.000000000E+00 0.000000000E+00
QUADQ05                 0.500000 0.000000000E+00-8.285965158E-01 0.000000000E+00
 0.000000000E+00 0.000000000E+00 0.000000000E+00 0.000000000E+00 0.000000000E+00
 1.008695279E+04 2.000000000E+03 2.004098905E+04 3.922689800E+01
-1.277266853E+00 0.000000000E+00 0.000000000E+00
DRIFD6A                 0.306514 0.000000000E+00 0.000000000E+00 0.000000000E+00
 0.000000000E+00 0.000000000E+00 0.000000000E+00 0.000000000E+00 0.000000000E+00
 1.008665939E+04 2.000000000E+03 2.004107773E+04 3.953341200E+01
-1.277266853E+00 0.000000000E+00 0.000000000E+00
VKICCDV05               0.000000 0.000000000E+00 0.000000000E+00 0.000000000E+00
 0.000000000E+00 0.000000000E+00 0.000000000E+00 0.000000000E+00 0.000000000E+00
 1.008665939E+04 2.000000000E+03 2.004107773E+04 3.953341200E+01
-1.277266853E+00 0.000000000E+00 0.000000000E+00
DRIFD6B                 3.054286 0.000000000E+00 0.000000000E+00 0.000000000E+00
 0.000000000E+00 0.000000000E+00 0.000000000E+00 0.000000000E+00 0.000000000E+00
 1.008373574E+04 2.000000000E+03 2.004196143E+04 4.258769800E+01
-1.277266853E+00 0.000000000E+00 0.000000000E+00
QUADQ06                 0.500000 0.000000000E+00 8.673388754E-01 0.000000000E+00
 0.000000000E+00 0.000000000E+00 0.000000000E+00 0.000000000E+00 0.000000000E+00
 1.008325712E+04 2.000000000E+03 2.004210610E+04 4.308769800E+01
-1.277266853E+00 0.000000000E+00 0.000000000E+00
DRIFD7A                 0.306514 0.000000000E+00 0.000000000E+00 0.000000000E+00
 0.000000000E+00 0.000000000E+00 0.000000000E+00 0.000000000E+00 0.000000000E+00
 1.008296372E+04 2.000000000E+03 2.004219479E+04 4.339421200E+01
-1.277266853E+00 0.000000000E+00 0.000000000E+00
HKICCDH06               0.000000 0.000000000E+00 0.000000000E+00 0.000000000E+00
 0.000000000E+00 0.000000000E+00 0.000000000E+00 0.000000000E+00 0.000000000E+00
 1.008296372E+04 2.000000000E+03 2.004219479E+04 4.339421200E+01
-1.277266853E+00 0.000000000E+00 0.000000000E+00
DRIFD7B                 3.054286 0.000000000E+00 0.000000000E+00 0.000000000E+00
 0.000000000E+00 0.000000000E+00 0.000000000E+00 0.000000000E+00 0.000000000E+00
 1.008004007E+04 2.000000000E+03 2.004307849E+04 4.644849800E+01
-1.277266853E+00 0.000000000E+00 0.000000000E+00
QUADQ07                 0.500000 0.000000000E+00-8.285965158E-01 0.000000000E+00
 0.000000000E+00 0.000000000E+00 0.000000000E+00 0.000000000E+00 0.000000000E+00
 1.007956145E+04 2.000000000E+03 2.004322316E+04 4.694849800E+01
-1.277266853E+00 0.000000000E+00 0.000000000E+00
DRIFD7C                 0.105800 0.000000000E+00 0.000000000E+00 0.000000000E+00
 0.000000000E+00 0.000000000E+00 0.000000000E+00 0.000000000E+00 0.000000000E+00
 1.007946018E+04 2.000000000E+03 2.004325377E+04 4.705429800E+01
-1.277266853E+00 0.000000000E+00 0.000000000E+00
MONIBPM07               0.000000 0.000000000E+00 0.000000000E+00 0.000000000E+00
 0.000000000E+00 0.000000000E+00 0.000000000E+00 0.000000000E+00 0.000000000E+00
 1.007946018E+04 2.000000000E+03 2.004325377E+04 4.705429800E+01
-1.277266853E+00 0.000000000E+00 0.000000000E+00
DRIFD8A                 0.200714 0.000000000E+00 0.000000000E+00 0.000000000E+00
 0.000000000E+00 0.000000000E+00 0.000000000E+00 0.000000000E+00 0.000000000E+00
 1.007926805E+04 2.000000000E+03 2.004331184E+04 4.725501200E+01
-1.277266853E+00 0.000000000E+00 0.000000000E+00
VKICCDV07               0.000000 0.000000000E+00 0.000000000E+00 0.000000000E+00
 0.000000000E+00 0.000000000E+00 0.000000000E+00 0.000000000E+00 0.000000000E+00
 1.007926805E+04 2.000000000E+03 2.004331184E+04 4.725501200E+01
-1.277266853E+00 0.000000000E+00 0.000000000E+00
DRIFD8B                 3.054286 0.000000000E+00 0.000000000E+00 0.000000000E+00
 0.000000000E+00 0.000000000E+00 0.000000000E+00 0.000000000E+00 0.000000000E+00
 1.007634440E+04 2.000000000E+03 2.004419554E+04 5.030929800E+01
-1.277266853E+00 0.000000000E+00 0.000000000E+00
QUADQ08                 0.500000 0.000000000E+00 8.673388754E-01 0.000000000E+00
 0.000000000E+00 0.000000000E+00 0.000000000E+00 0.000000000E+00 0.000000000E+00
 1.007586579E+04 2.000000000E+03 2.004434021E+04 5.080929800E+01
-1.277266853E+00 0.000000000E+00 0.000000000E+00
DRIFD8C                 0.105800 0.000000000E+00 0.000000000E+00 0.000000000E+00
 0.000000000E+00 0.000000000E+00 0.000000000E+00 0.000000000E+00 0.000000000E+00
 1.007576451E+04 2.000000000E+03 2.004437082E+04 5.091509800E+01
-1.277266853E+00 0.000000000E+00 0.000000000E+00
MONIBPM08               0.000000 0.000000000E+00 0.000000000E+00 0.000000000E+00
 0.000000000E+00 0.000000000E+00 0.000000000E+00 0.000000000E+00 0.000000000E+00
 1.007576451E+04 2.000000000E+03 2.004437082E+04 5.091509800E+01
-1.277266853E+00 0.000000000E+00 0.000000000E+00
DRIFD9A                 0.200714 0.000000000E+00 0.000000000E+00 0.000000000E+00
 0.000000000E+00 0.000000000E+00 0.000000000E+00 0.000000000E+00 0.000000000E+00
 1.007557238E+04 2.000000000E+03 2.004442890E+04 5.111581200E+01
-1.277266853E+00 0.000000000E+00 0.000000000E+00
HKICCDH08               0.000000 0.000000000E+00 0.000000000E+00 0.000000000E+00
 0.000000000E+00 0.000000000E+00 0.000000000E+00 0.000000000E+00 0.000000000E+00
 1.007557238E+04 2.000000000E+03 2.004442890E+04 5.111581200E+01
-1.277266853E+00 0.000000000E+00 0.000000000E+00
DRIFD9B                 3.054286 0.000000000E+00 0.000000000E+00 0.000000000E+00
 0.000000000E+00 0.000000000E+00 0.000000000E+00 0.000000000E+00 0.000000000E+00
 1.007264873E+04 2.000000000E+03 2.004531260E+04 5.417009800E+01
-1.277266853E+00 0.000000000E+00 0.000000000E+00
QUADQ09                 0.500000 0.000000000E+00-8.285965158E-01 0.000000000E+00
 0.000000000E+00 0.000000000E+00 0.000000000E+00 0.000000000E+00 0.000000000E+00
 1.007217012E+04 2.000000000E+03 2.004545727E+04 5.467009800E+01
-1.277266853E+00 0.000000000E+00 0.000000000E+00
DRIFD9C                 0.105800 0.000000000E+00 0.000000000E+00 0.000000000E+00
 0.000000000E+00 0.000000000E+00 0.000000000E+00 0.000000000E+00 0.000000000E+00
 1.007206884E+04 2.000000000E+03 2.004548788E+04 5.477589800E+01
-1.277266853E+00 0.000000000E+00 0.000000000E+00
MONIBPM09               0.000000 0.000000000E+00 0.000000000E+00 0.000000000E+00
 0.000000000E+00 0.000000000E+00 0.000000000E+00 0.000000000E+00 0.000000000E+00
 1.007206884E+04 2.000000000E+03 2.004548788E+04 5.477589800E+01
-1.277266853E+00 0.000000000E+00 0.000000000E+00
DRIFD10A                3.255000 0.000000000E+00 0.000000000E+00 0.000000000E+00
 0.000000000E+00 0.000000000E+00 0.000000000E+00 0.000000000E+00 0.000000000E+00
 1.006895306E+04 2.000000000E+03 2.004642965E+04 5.803089800E+01
-1.277266853E+00 0.000000000E+00 0.000000000E+00
QUADQ10                 0.500000 0.000000000E+00 8.673388754E-01 0.000000000E+00
 0.000000000E+00 0.000000000E+00 0.000000000E+00 0.000000000E+00 0.000000000E+00
 1.006847445E+04 2.000000000E+03 2.004657432E+04 5.853089800E+01
-1.277266853E+00 0.000000000E+00 0.000000000E+00
DRIFD10C                0.105800 0.000000000E+00 0.000000000E+00 0.000000000E+00
 0.000000000E+00 0.000000000E+00 0.000000000E+00 0.000000000E+00 0.000000000E+00
 1.006837317E+04 2.000000000E+03 2.004660493E+04 5.863669800E+01
-1.277266853E+00 0.000000000E+00 0.000000000E+00
MONIBPM10               0.000000 0.000000000E+00 0.000000000E+00 0.000000000E+00
 0.000000000E+00 0.000000000E+00 0.000000000E+00 0.000000000E+00 0.000000000E+00
 1.006837317E+04 2.000000000E+03 2.004660493E+04 5.863669800E+01
-1.277266853E+00 0.000000000E+00 0.000000000E+00
DRIFD11A                3.255000 0.000000000E+00 0.000000000E+00 0.000000000E+00
 0.000000000E+00 0.000000000E+00 0.000000000E+00 0.000000000E+00 0.000000000E+00
 1.006525740E+04 2.000000000E+03 2.004754671E+04 6.189169800E+01
-1.277266853E+00 0.000000000E+00 0.000000000E+00
QUADQ11                 0.500000 0.000000000E+00-8.285965158E-01 0.000000000E+00
 0.000000000E+00 0.000000000E+00 0.000000000E+00 0.000000000E+00 0.000000000E+00
 1.006477878E+04 2.000000000E+03 2.004769138E+04 6.239169800E+01
-1.277266853E+00 0.000000000E+00 0.000000000E+00
DRIFD12A                0.306514 0.000000000E+00 0.000000000E+00 0.000000000E+00
 0.000000000E+00 0.000000000E+00 0.000000000E+00 0.000000000E+00 0.000000000E+00
 1.006448538E+04 2.000000000E+03 2.004778006E+04 6.269821200E+01
-1.277266853E+00 0.000000000E+00 0.000000000E+00
VKICCDV11               0.000000 0.000000000E+00 0.000000000E+00 0.000000000E+00
 0.000000000E+00 0.000000000E+00 0.000000000E+00 0.000000000E+00 0.000000000E+00
 1.006448538E+04 2.000000000E+03 2.004778006E+04 6.269821200E+01
-1.277266853E+00 0.000000000E+00 0.000000000E+00
DRIFD12B                3.054286 0.000000000E+00 0.000000000E+00 0.000000000E+00
 0.000000000E+00 0.000000000E+00 0.000000000E+00 0.000000000E+00 0.000000000E+00
 1.006156173E+04 2.000000000E+03 2.004866376E+04 6.575249800E+01
-1.277266853E+00 0.000000000E+00 0.000000000E+00
QUADQ12                 0.500000 0.000000000E+00 6.301280935E-01 0.000000000E+00
 0.000000000E+00 0.000000000E+00 0.000000000E+00 0.000000000E+00 0.000000000E+00
 1.006108311E+04 2.000000000E+03 2.004880843E+04 6.625249800E+01
-1.277266853E+00 0.000000000E+00 0.000000000E+00
DRIFD13A                4.393486 0.000000000E+00 0.000000000E+00 0.000000000E+00
 0.000000000E+00 0.000000000E+00 0.000000000E+00 0.000000000E+00 0.000000000E+00
 1.005687754E+04 2.000000000E+03 2.005007961E+04 7.064598400E+01
-1.277266853E+00 0.000000000E+00 0.000000000E+00
VKICCDV13               0.000000 0.000000000E+00 0.000000000E+00 0.000000000E+00
 0.000000000E+00 0.000000000E+00 0.000000000E+00 0.000000000E+00 0.000000000E+00
 1.005687754E+04 2.000000000E+03 2.005007961E+04 7.064598400E+01
-1.277266853E+00 0.000000000E+00 0.000000000E+00
DRIFD13B                0.200714 0.000000000E+00 0.000000000E+00 0.000000000E+00
 0.000000000E+00 0.000000000E+00 0.000000000E+00 0.000000000E+00 0.000000000E+00
 1.005668541E+04 2.000000000E+03 2.005013768E+04 7.084669800E+01
-1.277266853E+00 0.000000000E+00 0.000000000E+00
MONIBPM13               0.000000 0.000000000E+00 0.000000000E+00 0.000000000E+00
 0.000000000E+00 0.000000000E+00 0.000000000E+00 0.000000000E+00 0.000000000E+00
 1.005668541E+04 2.000000000E+03 2.005013768E+04 7.084669800E+01
-1.277266853E+00 0.000000000E+00 0.000000000E+00
DRIFD13C                0.105800 0.000000000E+00 0.000000000E+00 0.000000000E+00
 0.000000000E+00 0.000000000E+00 0.000000000E+00 0.000000000E+00 0.000000000E+00
 1.005658414E+04 2.000000000E+03 2.005016829E+04 7.095249800E+01
-1.277266853E+00 0.000000000E+00 0.000000000E+00
QUADQ13                 0.500000 0.000000000E+00-5.528183671E-01 0.000000000E+00
 0.000000000E+00 0.000000000E+00 0.000000000E+00 0.000000000E+00 0.000000000E+00
 1.005610552E+04 2.000000000E+03 2.005031296E+04 7.145249800E+01
-1.277266853E+00 0.000000000E+00 0.000000000E+00
DRIFD14A                0.998800 0.000000000E+00 0.000000000E+00 0.000000000E+00
 0.000000000E+00 0.000000000E+00 0.000000000E+00 0.000000000E+00 0.000000000E+00
 1.005514944E+04 2.000000000E+03 2.005060195E+04 7.245129800E+01
-1.277266853E+00 0.000000000E+00 0.000000000E+00
SBENDH13A               1.240000-1.466218816E-01 0.000000000E+00 0.000000000E+00
 0.000000000E+00 0.000000000E+00 0.000000000E+00 0.000000000E+00 0.000000000E+00
 1.005399298E+04 2.000000000E+03 2.005104630E+04 7.369129800E+01
-1.130644972E+00 0.000000000E+00 0.000000000E+00
SBENDH13B               1.240000-1.466218816E-01 0.000000000E+00 0.000000000E+00
 0.000000000E+00 0.000000000E+00 0.000000000E+00 0.000000000E+00 0.000000000E+00
 1.005291385E+04 2.000000000E+03 2.005165483E+04 7.493129800E+01
-9.840230900E-01 0.000000000E+00 0.000000000E+00
DRIFD14B                0.898800 0.000000000E+00 0.000000000E+00 0.000000000E+00
 0.000000000E+00 0.000000000E+00 0.000000000E+00 0.000000000E+00 0.000000000E+00
 1.005216539E+04 2.000000000E+03 2.005215248E+04 7.583009800E+01
-9.840230900E-01 0.000000000E+00 0.000000000E+00
QUADQ14                 0.500000 0.000000000E+00 4.070174942E-01 0.000000000E+00
 0.000000000E+00 0.000000000E+00 0.000000000E+00 0.000000000E+00 0.000000000E+00
 1.005174902E+04 2.000000000E+03 2.005242932E+04 7.633009800E+01
-9.840230900E-01 0.000000000E+00 0.000000000E+00
DRIFD15A                0.306514 0.000000000E+00 0.000000000E+00 0.000000000E+00
 0.000000000E+00 0.000000000E+00 0.000000000E+00 0.000000000E+00 0.000000000E+00
 1.005149378E+04 2.000000000E+03 2.005259903E+04 7.663661200E+01
-9.840230900E-01 0.000000000E+00 0.000000000E+00
HKICCDH14               0.000000 0.000000000E+00 0.000000000E+00 0.000000000E+00
 0.000000000E+00 0.000000000E+00 0.000000000E+00 0.000000000E+00 0.000000000E+00
 1.005149378E+04 2.000000000E+03 2.005259903E+04 7.663661200E+01
-9.840230900E-01 0.000000000E+00 0.000000000E+00
DRIFD15B                3.593486 0.000000000E+00 0.000000000E+00 0.000000000E+00
 0.000000000E+00 0.000000000E+00 0.000000000E+00 0.000000000E+00 0.000000000E+00
 1.004850137E+04 2.000000000E+03 2.005458866E+04 8.023009800E+01
-9.840230900E-01 0.000000000E+00 0.000000000E+00
QUADQ15                 0.500000 0.000000000E+00-4.167287143E-01 0.000000000E+00
 0.000000000E+00 0.000000000E+00 0.000000000E+00 0.000000000E+00 0.000000000E+00
 1.004808501E+04 2.000000000E+03 2.005486549E+04 8.073009800E+01
-9.840230900E-01 0.000000000E+00 0.000000000E+00
DRIFD15C                0.105800 0.000000000E+00 0.000000000E+00 0.000000000E+00
 0.000000000E+00 0.000000000E+00 0.000000000E+00 0.000000000E+00 0.000000000E+00
 1.004799690E+04 2.000000000E+03 2.005492407E+04 8.083589800E+01
-9.840230900E-01 0.000000000E+00 0.000000000E+00
MONIBPM15               0.000000 0.000000000E+00 0.000000000E+00 0.000000000E+00
 0.000000000E+00 0.000000000E+00 0.000000000E+00 0.000000000E+00 0.000000000E+00
 1.004799690E+04 2.000000000E+03 2.005492407E+04 8.083589800E+01
-9.840230900E-01 0.000000000E+00 0.000000000E+00
DRIFD16A                0.200714 0.000000000E+00 0.000000000E+00 0.000000000E+00
 0.000000000E+00 0.000000000E+00 0.000000000E+00 0.000000000E+00 0.000000000E+00
 1.004782976E+04 2.000000000E+03 2.005503520E+04 8.103661200E+01
-9.840230900E-01 0.000000000E+00 0.000000000E+00
VKICCDV15               0.000000 0.000000000E+00 0.000000000E+00 0.000000000E+00
 0.000000000E+00 0.000000000E+00 0.000000000E+00 0.000000000E+00 0.000000000E+00
 1.004782976E+04 2.000000000E+03 2.005503520E+04 8.103661200E+01
-9.840230900E-01 0.000000000E+00 0.000000000E+00
DRIFD16B                4.984686 0.000000000E+00 0.000000000E+00 0.000000000E+00
 0.000000000E+00 0.000000000E+00 0.000000000E+00 0.000000000E+00 0.000000000E+00
 1.004367886E+04 2.000000000E+03 2.005779511E+04 8.602129800E+01
-9.840230900E-01 0.000000000E+00 0.000000000E+00
QUADQ16                 0.500000 0.000000000E+00 3.659560372E-01 0.000000000E+00
 0.000000000E+00 0.000000000E+00 0.000000000E+00 0.000000000E+00 0.000000000E+00
 1.004326249E+04 2.000000000E+03 2.005807195E+04 8.652129800E+01
-9.840230900E-01 0.000000000E+00 0.000000000E+00
DRIFD16C                0.105800 0.000000000E+00 0.000000000E+00 0.000000000E+00
 0.000000000E+00 0.000000000E+00 0.000000000E+00 0.000000000E+00 0.000000000E+00
 1.004317439E+04 2.000000000E+03 2.005813053E+04 8.662709800E+01
-9.840230900E-01 0.000000000E+00 0.000000000E+00
MONIBPM16               0.000000 0.000000000E+00 0.000000000E+00 0.000000000E+00
 0.000000000E+00 0.000000000E+00 0.000000000E+00 0.000000000E+00 0.000000000E+00
 1.004317439E+04 2.000000000E+03 2.005813053E+04 8.662709800E+01
-9.840230900E-01 0.000000000E+00 0.000000000E+00
DRIFD17A                0.200714 0.000000000E+00 0.000000000E+00 0.000000000E+00
 0.000000000E+00 0.000000000E+00 0.000000000E+00 0.000000000E+00 0.000000000E+00
 1.004300725E+04 2.000000000E+03 2.005824166E+04 8.682781200E+01
-9.840230900E-01 0.000000000E+00 0.000000000E+00
HKICCDH16               0.000000 0.000000000E+00 0.000000000E+00 0.000000000E+00
 0.000000000E+00 0.000000000E+00 0.000000000E+00 0.000000000E+00 0.000000000E+00
 1.004300725E+04 2.000000000E+03 2.005824166E+04 8.682781200E+01
-9.840230900E-01 0.000000000E+00 0.000000000E+00
DRIFD17B                4.984686 0.000000000E+00 0.000000000E+00 0.000000000E+00
 0.000000000E+00 0.000000000E+00 0.000000000E+00 0.000000000E+00 0.000000000E+00
 1.003885634E+04 2.000000000E+03 2.006100156E+04 9.181249800E+01
-9.840230900E-01 0.000000000E+00 0.000000000E+00
QUADQ17                 0.500000 0.000000000E+00-4.347193949E-01 0.000000000E+00
 0.000000000E+00 0.000000000E+00 0.000000000E+00 0.000000000E+00 0.000000000E+00
 1.003843998E+04 2.000000000E+03 2.006127840E+04 9.231249800E+01
-9.840230900E-01 0.000000000E+00 0.000000000E+00
DRIFD17C                0.105800 0.000000000E+00 0.000000000E+00 0.000000000E+00
 0.000000000E+00 0.000000000E+00 0.000000000E+00 0.000000000E+00 0.000000000E+00
 1.003835187E+04 2.000000000E+03 2.006133698E+04 9.241829800E+01
-9.840230900E-01 0.000000000E+00 0.000000000E+00
MONIBPM17               0.000000 0.000000000E+00 0.000000000E+00 0.000000000E+00
 0.000000000E+00 0.000000000E+00 0.000000000E+00 0.000000000E+00 0.000000000E+00
 1.003835187E+04 2.000000000E+03 2.006133698E+04 9.241829800E+01
-9.840230900E-01 0.000000000E+00 0.000000000E+00
DRIFD18A                0.200714 0.000000000E+00 0.000000000E+00 0.000000000E+00
 0.000000000E+00 0.000000000E+00 0.000000000E+00 0.000000000E+00 0.000000000E+00
 1.003818473E+04 2.000000000E+03 2.006144811E+04 9.261901200E+01
-9.840230900E-01 0.000000000E+00 0.000000000E+00
VKICCDV17               0.000000 0.000000000E+00 0.000000000E+00 0.000000000E+00
 0.000000000E+00 0.000000000E+00 0.000000000E+00 0.000000000E+00 0.000000000E+00
 1.003818473E+04 2.000000000E+03 2.006144811E+04 9.261901200E+01
-9.840230900E-01 0.000000000E+00 0.000000000E+00
DRIFD18B                4.878886 0.000000000E+00 0.000000000E+00 0.000000000E+00
 0.000000000E+00 0.000000000E+00 0.000000000E+00 0.000000000E+00 0.000000000E+00
 1.003412193E+04 2.000000000E+03 2.006414944E+04 9.749789800E+01
-9.840230900E-01 0.000000000E+00 0.000000000E+00
MONIBPM18               0.000000 0.000000000E+00 0.000000000E+00 0.000000000E+00
 0.000000000E+00 0.000000000E+00 0.000000000E+00 0.000000000E+00 0.000000000E+00
 1.003412193E+04 2.000000000E+03 2.006414944E+04 9.749789800E+01
-9.840230900E-01 0.000000000E+00 0.000000000E+00
DRIFD18C                0.105800 0.000000000E+00 0.000000000E+00 0.000000000E+00
 0.000000000E+00 0.000000000E+00 0.000000000E+00 0.000000000E+00 0.000000000E+00
 1.003403383E+04 2.000000000E+03 2.006420802E+04 9.760369800E+01
-9.840230900E-01 0.000000000E+00 0.000000000E+00
QUADQ18                 0.500000 0.000000000E+00 3.985948578E-01 0.000000000E+00
 0.000000000E+00 0.000000000E+00 0.000000000E+00 0.000000000E+00 0.000000000E+00
 1.003361746E+04 2.000000000E+03 2.006448486E+04 9.810369800E+01
-9.840230900E-01 0.000000000E+00 0.000000000E+00
DRIFD19A                5.291200 0.000000000E+00 0.000000000E+00 0.000000000E+00
 0.000000000E+00 0.000000000E+00 0.000000000E+00 0.000000000E+00 0.000000000E+00
 1.002921131E+04 2.000000000E+03 2.006741447E+04 1.033948980E+02
-9.840230900E-01 0.000000000E+00 0.000000000E+00
QUADQ19                 0.500000 0.000000000E+00-3.985948578E-01 0.000000000E+00
 0.000000000E+00 0.000000000E+00 0.000000000E+00 0.000000000E+00 0.000000000E+00
 1.002879495E+04 2.000000000E+03 2.006769131E+04 1.038948980E+02
-9.840230900E-01 0.000000000E+00 0.000000000E+00
DRIFD19C                0.105800 0.000000000E+00 0.000000000E+00 0.000000000E+00
 0.000000000E+00 0.000000000E+00 0.000000000E+00 0.000000000E+00 0.000000000E+00
 1.002870684E+04 2.000000000E+03 2.006774989E+04 1.040006980E+02
-9.840230900E-01 0.000000000E+00 0.000000000E+00
MONIBPM19               0.000000 0.000000000E+00 0.000000000E+00 0.000000000E+00
 0.000000000E+00 0.000000000E+00 0.000000000E+00 0.000000000E+00 0.000000000E+00
 1.002870684E+04 2.000000000E+03 2.006774989E+04 1.040006980E+02
-9.840230900E-01 0.000000000E+00 0.000000000E+00
DRIFD20A                0.200714 0.000000000E+00 0.000000000E+00 0.000000000E+00
 0.000000000E+00 0.000000000E+00 0.000000000E+00 0.000000000E+00 0.000000000E+00
 1.002853970E+04 2.000000000E+03 2.006786102E+04 1.042014120E+02
-9.840230900E-01 0.000000000E+00 0.000000000E+00
VKICCDV19               0.000000 0.000000000E+00 0.000000000E+00 0.000000000E+00
 0.000000000E+00 0.000000000E+00 0.000000000E+00 0.000000000E+00 0.000000000E+00
 1.002853970E+04 2.000000000E+03 2.006786102E+04 1.042014120E+02
-9.840230900E-01 0.000000000E+00 0.000000000E+00
DRIFD20B                1.943486 0.000000000E+00 0.000000000E+00 0.000000000E+00
 0.000000000E+00 0.000000000E+00 0.000000000E+00 0.000000000E+00 0.000000000E+00
 1.002692130E+04 2.000000000E+03 2.006893708E+04 1.061448980E+02
-9.840230900E-01 0.000000000E+00 0.000000000E+00
DRIFD20C                0.691200 0.000000000E+00 0.000000000E+00 0.000000000E+00
 0.000000000E+00 0.000000000E+00 0.000000000E+00 0.000000000E+00 0.000000000E+00
 1.002634571E+04 2.000000000E+03 2.006931978E+04 1.068360980E+02
-9.840230900E-01 0.000000000E+00 0.000000000E+00
DRIFCOLL1               1.200000 0.000000000E+00 0.000000000E+00 0.000000000E+00
 0.000000000E+00 0.000000000E+00 0.000000000E+00 0.000000000E+00 0.000000000E+00
 1.002534644E+04 2.000000000E+03 2.006998420E+04 1.080360980E+02
-9.840230900E-01 0.000000000E+00 0.000000000E+00
DRIFD20D                1.150000 0.000000000E+00 0.000000000E+00 0.000000000E+00
 0.000000000E+00 0.000000000E+00 0.000000000E+00 0.000000000E+00 0.000000000E+00
 1.002438880E+04 2.000000000E+03 2.007062092E+04 1.091860980E+02
-9.840230900E-01 0.000000000E+00 0.000000000E+00
QUADQ20                 0.500000 0.000000000E+00 3.985948578E-01 0.000000000E+00
 0.000000000E+00 0.000000000E+00 0.000000000E+00 0.000000000E+00 0.000000000E+00
 1.002397243E+04 2.000000000E+03 2.007089776E+04 1.096860980E+02
-9.840230900E-01 0.000000000E+00 0.000000000E+00
DRIFD21A                0.306514 0.000000000E+00 0.000000000E+00 0.000000000E+00
 0.000000000E+00 0.000000000E+00 0.000000000E+00 0.000000000E+00 0.000000000E+00
 1.002371719E+04 2.000000000E+03 2.007106747E+04 1.099926120E+02
-9.840230900E-01 0.000000000E+00 0.000000000E+00
HKICCDH20               0.000000 0.000000000E+00 0.000000000E+00 0.000000000E+00
 0.000000000E+00 0.000000000E+00 0.000000000E+00 0.000000000E+00 0.000000000E+00
 1.002371719E+04 2.000000000E+03 2.007106747E+04 1.099926120E+02
-9.840230900E-01 0.000000000E+00 0.000000000E+00
DRIFD21B                4.254246 0.000000000E+00 0.000000000E+00 0.000000000E+00
 0.000000000E+00 0.000000000E+00 0.000000000E+00 0.000000000E+00 0.000000000E+00
 1.002017454E+04 2.000000000E+03 2.007342295E+04 1.142468580E+02
-9.840230900E-01 0.000000000E+00 0.000000000E+00
MONIWS20                0.000000 0.000000000E+00 0.000000000E+00 0.000000000E+00
 0.000000000E+00 0.000000000E+00 0.000000000E+00 0.000000000E+00 0.000000000E+00
 1.002017454E+04 2.000000000E+03 2.007342295E+04 1.142468580E+02
-9.840230900E-01 0.000000000E+00 0.000000000E+00
DRIFD21C                0.730440 0.000000000E+00 0.000000000E+00 0.000000000E+00
 0.000000000E+00 0.000000000E+00 0.000000000E+00 0.000000000E+00 0.000000000E+00
 1.001956628E+04 2.000000000E+03 2.007382738E+04 1.149772980E+02
-9.840230900E-01 0.000000000E+00 0.000000000E+00
QUADQ21                 0.500000 0.000000000E+00-3.985948578E-01 0.000000000E+00
 0.000000000E+00 0.000000000E+00 0.000000000E+00 0.000000000E+00 0.000000000E+00
 1.001914991E+04 2.000000000E+03 2.007410422E+04 1.154772980E+02
-9.840230900E-01 0.000000000E+00 0.000000000E+00
DRIFD21D                0.105800 0.000000000E+00 0.000000000E+00 0.000000000E+00
 0.000000000E+00 0.000000000E+00 0.000000000E+00 0.000000000E+00 0.000000000E+00
 1.001906181E+04 2.000000000E+03 2.007416280E+04 1.155830980E+02
-9.840230900E-01 0.000000000E+00 0.000000000E+00
MONIBPM21               0.000000 0.000000000E+00 0.000000000E+00 0.000000000E+00
 0.000000000E+00 0.000000000E+00 0.000000000E+00 0.000000000E+00 0.000000000E+00
 1.001906181E+04 2.000000000E+03 2.007416280E+04 1.155830980E+02
-9.840230900E-01 0.000000000E+00 0.000000000E+00
DRIFD22A                0.200714 0.000000000E+00 0.000000000E+00 0.000000000E+00
 0.000000000E+00 0.000000000E+00 0.000000000E+00 0.000000000E+00 0.000000000E+00
 1.001889467E+04 2.000000000E+03 2.007427393E+04 1.157838120E+02
-9.840230900E-01 0.000000000E+00 0.000000000E+00
VKICCDV21               0.000000 0.000000000E+00 0.000000000E+00 0.000000000E+00
 0.000000000E+00 0.000000000E+00 0.000000000E+00 0.000000000E+00 0.000000000E+00
 1.001889467E+04 2.000000000E+03 2.007427393E+04 1.157838120E+02
-9.840230900E-01 0.000000000E+00 0.000000000E+00
DRIFD22B                3.683686 0.000000000E+00 0.000000000E+00 0.000000000E+00
 0.000000000E+00 0.000000000E+00 0.000000000E+00 0.000000000E+00 0.000000000E+00
 1.001582715E+04 2.000000000E+03 2.007631350E+04 1.194674980E+02
-9.840230900E-01 0.000000000E+00 0.000000000E+00
MONIWS21                0.000000 0.000000000E+00 0.000000000E+00 0.000000000E+00
 0.000000000E+00 0.000000000E+00 0.000000000E+00 0.000000000E+00 0.000000000E+00
 1.001582715E+04 2.000000000E+03 2.007631350E+04 1.194674980E+02
-9.840230900E-01 0.000000000E+00 0.000000000E+00
DRIFD22C                0.994486 0.000000000E+00 0.000000000E+00 0.000000000E+00
 0.000000000E+00 0.000000000E+00 0.000000000E+00 0.000000000E+00 0.000000000E+00
 1.001499901E+04 2.000000000E+03 2.007686412E+04 1.204619840E+02
-9.840230900E-01 0.000000000E+00 0.000000000E+00
HKICCDH22               0.000000 0.000000000E+00 0.000000000E+00 0.000000000E+00
 0.000000000E+00 0.000000000E+00 0.000000000E+00 0.000000000E+00 0.000000000E+00
 1.001499901E+04 2.000000000E+03 2.007686412E+04 1.204619840E+02
-9.840230900E-01 0.000000000E+00 0.000000000E+00
DRIFD22D                0.200714 0.000000000E+00 0.000000000E+00 0.000000000E+00
 0.000000000E+00 0.000000000E+00 0.000000000E+00 0.000000000E+00 0.000000000E+00
 1.001483187E+04 2.000000000E+03 2.007697525E+04 1.206626980E+02
-9.840230900E-01 0.000000000E+00 0.000000000E+00
MONIBPM22               0.000000 0.000000000E+00 0.000000000E+00 0.000000000E+00
 0.000000000E+00 0.000000000E+00 0.000000000E+00 0.000000000E+00 0.000000000E+00
 1.001483187E+04 2.000000000E+03 2.007697525E+04 1.206626980E+02
-9.840230900E-01 0.000000000E+00 0.000000000E+00
DRIFD22E                0.105800 0.000000000E+00 0.000000000E+00 0.000000000E+00
 0.000000000E+00 0.000000000E+00 0.000000000E+00 0.000000000E+00 0.000000000E+00
 1.001474377E+04 2.000000000E+03 2.007703383E+04 1.207684980E+02
-9.840230900E-01 0.000000000E+00 0.000000000E+00
QUADQ22                 0.500000 0.000000000E+00 3.985948578E-01 0.000000000E+00
 0.000000000E+00 0.000000000E+00 0.000000000E+00 0.000000000E+00 0.000000000E+00
 1.001432740E+04 2.000000000E+03 2.007731067E+04 1.212684980E+02
-9.840230900E-01 0.000000000E+00 0.000000000E+00
DRIFD23A                1.150000 0.000000000E+00 0.000000000E+00 0.000000000E+00
 0.000000000E+00 0.000000000E+00 0.000000000E+00 0.000000000E+00 0.000000000E+00
 1.001336976E+04 2.000000000E+03 2.007794740E+04 1.224184980E+02
-9.840230900E-01 0.000000000E+00 0.000000000E+00
DRIFCOLL2               1.200000 0.000000000E+00 0.000000000E+00 0.000000000E+00
 0.000000000E+00 0.000000000E+00 0.000000000E+00 0.000000000E+00 0.000000000E+00
 1.001237048E+04 2.000000000E+03 2.007861181E+04 1.236184980E+02
-9.840230900E-01 0.000000000E+00 0.000000000E+00
DRIFD23B                0.800000 0.000000000E+00 0.000000000E+00 0.000000000E+00
 0.000000000E+00 0.000000000E+00 0.000000000E+00 0.000000000E+00 0.000000000E+00
 1.001170429E+04 2.000000000E+03 2.007905475E+04 1.244184980E+02
-9.840230900E-01 0.000000000E+00 0.000000000E+00
DRIFD23C                2.141200 0.000000000E+00 0.000000000E+00 0.000000000E+00
 0.000000000E+00 0.000000000E+00 0.000000000E+00 0.000000000E+00 0.000000000E+00
 1.000992125E+04 2.000000000E+03 2.008024028E+04 1.265596980E+02
-9.840230900E-01 0.000000000E+00 0.000000000E+00
QUADQ23                 0.500000 0.000000000E+00-3.985948578E-01 0.000000000E+00
 0.000000000E+00 0.000000000E+00 0.000000000E+00 0.000000000E+00 0.000000000E+00
 1.000950488E+04 2.000000000E+03 2.008051712E+04 1.270596980E+02
-9.840230900E-01 0.000000000E+00 0.000000000E+00
DRIFD23D                0.105800 0.000000000E+00 0.000000000E+00 0.000000000E+00
 0.000000000E+00 0.000000000E+00 0.000000000E+00 0.000000000E+00 0.000000000E+00
 1.000941678E+04 2.000000000E+03 2.008057570E+04 1.271654980E+02
-9.840230900E-01 0.000000000E+00 0.000000000E+00
MONIBPM23               0.000000 0.000000000E+00 0.000000000E+00 0.000000000E+00
 0.000000000E+00 0.000000000E+00 0.000000000E+00 0.000000000E+00 0.000000000E+00
 1.000941678E+04 2.000000000E+03 2.008057570E+04 1.271654980E+02
-9.840230900E-01 0.000000000E+00 0.000000000E+00
DRIFD24A                0.200714 0.000000000E+00 0.000000000E+00 0.000000000E+00
 0.000000000E+00 0.000000000E+00 0.000000000E+00 0.000000000E+00 0.000000000E+00
 1.000924964E+04 2.000000000E+03 2.008068683E+04 1.273662120E+02
-9.840230900E-01 0.000000000E+00 0.000000000E+00
VKICCDV23               0.000000 0.000000000E+00 0.000000000E+00 0.000000000E+00
 0.000000000E+00 0.000000000E+00 0.000000000E+00 0.000000000E+00 0.000000000E+00
 1.000924964E+04 2.000000000E+03 2.008068683E+04 1.273662120E+02
-9.840230900E-01 0.000000000E+00 0.000000000E+00
DRIFD24B                4.175686 0.000000000E+00 0.000000000E+00 0.000000000E+00
 0.000000000E+00 0.000000000E+00 0.000000000E+00 0.000000000E+00 0.000000000E+00
 1.000577241E+04 2.000000000E+03 2.008299881E+04 1.315418980E+02
-9.840230900E-01 0.000000000E+00 0.000000000E+00
MONIWS23                0.000000 0.000000000E+00 0.000000000E+00 0.000000000E+00
 0.000000000E+00 0.000000000E+00 0.000000000E+00 0.000000000E+00 0.000000000E+00
 1.000577241E+04 2.000000000E+03 2.008299881E+04 1.315418980E+02
-9.840230900E-01 0.000000000E+00 0.000000000E+00
DRIFD24C                0.809000 0.000000000E+00 0.000000000E+00 0.000000000E+00
 0.000000000E+00 0.000000000E+00 0.000000000E+00 0.000000000E+00 0.000000000E+00
 1.000509873E+04 2.000000000E+03 2.008344674E+04 1.323508980E+02
-9.840230900E-01 0.000000000E+00 0.000000000E+00
QUADQ24                 0.500000 0.000000000E+00 3.985948578E-01 0.000000000E+00
 0.000000000E+00 0.000000000E+00 0.000000000E+00 0.000000000E+00 0.000000000E+00
 1.000468237E+04 2.000000000E+03 2.008372358E+04 1.328508980E+02
-9.840230900E-01 0.000000000E+00 0.000000000E+00
DRIFD24D                0.105800 0.000000000E+00 0.000000000E+00 0.000000000E+00
 0.000000000E+00 0.000000000E+00 0.000000000E+00 0.000000000E+00 0.000000000E+00
 1.000459427E+04 2.000000000E+03 2.008378216E+04 1.329566980E+02
-9.840230900E-01 0.000000000E+00 0.000000000E+00
MONIBPM24               0.000000 0.000000000E+00 0.000000000E+00 0.000000000E+00
 0.000000000E+00 0.000000000E+00 0.000000000E+00 0.000000000E+00 0.000000000E+00
 1.000459427E+04 2.000000000E+03 2.008378216E+04 1.329566980E+02
-9.840230900E-01 0.000000000E+00 0.000000000E+00
DRIFD24E                4.304960 0.000000000E+00 0.000000000E+00 0.000000000E+00
 0.000000000E+00 0.000000000E+00 0.000000000E+00 0.000000000E+00 0.000000000E+00
 1.000100939E+04 2.000000000E+03 2.008616571E+04 1.372616580E+02
-9.840230900E-01 0.000000000E+00 0.000000000E+00
MONIWS24                0.000000 0.000000000E+00 0.000000000E+00 0.000000000E+00
 0.000000000E+00 0.000000000E+00 0.000000000E+00 0.000000000E+00 0.000000000E+00
 1.000100939E+04 2.000000000E+03 2.008616571E+04 1.372616580E+02
-9.840230900E-01 0.000000000E+00 0.000000000E+00
DRIFD25A                0.730440 0.000000000E+00 0.000000000E+00 0.000000000E+00
 0.000000000E+00 0.000000000E+00 0.000000000E+00 0.000000000E+00 0.000000000E+00
 1.000040113E+04 2.000000000E+03 2.008657014E+04 1.379920980E+02
-9.840230900E-01 0.000000000E+00 0.000000000E+00
QUADQ25                 0.500000 0.000000000E+00-3.985948578E-01 0.000000000E+00
 0.000000000E+00 0.000000000E+00 0.000000000E+00 0.000000000E+00 0.000000000E+00
 9.999984764E+03 2.000000000E+03 2.008684698E+04 1.384920980E+02
-9.840230900E-01 0.000000000E+00 0.000000000E+00
DRIFD25B                0.105800 0.000000000E+00 0.000000000E+00 0.000000000E+00
 0.000000000E+00 0.000000000E+00 0.000000000E+00 0.000000000E+00 0.000000000E+00
 9.999896661E+03 2.000000000E+03 2.008690556E+04 1.385978980E+02
-9.840230900E-01 0.000000000E+00 0.000000000E+00
MONIBPM25               0.000000 0.000000000E+00 0.000000000E+00 0.000000000E+00
 0.000000000E+00 0.000000000E+00 0.000000000E+00 0.000000000E+00 0.000000000E+00
 9.999896661E+03 2.000000000E+03 2.008690556E+04 1.385978980E+02
-9.840230900E-01 0.000000000E+00 0.000000000E+00
DRIFD26A                5.098900 0.000000000E+00 0.000000000E+00 0.000000000E+00
 0.000000000E+00 0.000000000E+00 0.000000000E+00 0.000000000E+00 0.000000000E+00
 9.995650645E+03 2.000000000E+03 2.008972870E+04 1.436967980E+02
-9.840230900E-01 0.000000000E+00 0.000000000E+00
QUADQ26                 0.673000 0.000000000E+00 5.520833535E-01 0.000000000E+00
 0.000000000E+00 0.000000000E+00 0.000000000E+00 0.000000000E+00 0.000000000E+00
 9.995090217E+03 2.000000000E+03 2.009010133E+04 1.443697980E+02
-9.840230900E-01 0.000000000E+00 0.000000000E+00
DRIFD27A                5.294500 0.000000000E+00 0.000000000E+00 0.000000000E+00
 0.000000000E+00 0.000000000E+00 0.000000000E+00 0.000000000E+00 0.000000000E+00
 9.990681320E+03 2.000000000E+03 2.009303277E+04 1.496642980E+02
-9.840230900E-01 0.000000000E+00 0.000000000E+00
QUADQ27                 1.020000 0.000000000E+00-2.314740000E-01 0.000000000E+00
 0.000000000E+00 0.000000000E+00 0.000000000E+00 0.000000000E+00 0.000000000E+00
 9.989831933E+03 2.000000000E+03 2.009359752E+04 1.506842980E+02
-9.840230900E-01 0.000000000E+00 0.000000000E+00
DRIFD28A                0.310801 0.000000000E+00 0.000000000E+00 0.000000000E+00
 0.000000000E+00 0.000000000E+00 0.000000000E+00 0.000000000E+00 0.000000000E+00
 9.989573120E+03 2.000000000E+03 2.009376960E+04 1.509950990E+02
-9.840230900E-01 0.000000000E+00 0.000000000E+00
MONIBPM27               0.000000 0.000000000E+00 0.000000000E+00 0.000000000E+00
 0.000000000E+00 0.000000000E+00 0.000000000E+00 0.000000000E+00 0.000000000E+00
 9.989573120E+03 2.000000000E+03 2.009376960E+04 1.509950990E+02
-9.840230900E-01 0.000000000E+00 0.000000000E+00
DRIFD28B                0.656643 0.000000000E+00 0.000000000E+00 0.000000000E+00
 0.000000000E+00 0.000000000E+00 0.000000000E+00 0.000000000E+00 0.000000000E+00
 9.989026312E+03 2.000000000E+03 2.009413317E+04 1.516517420E+02
-9.840230900E-01 0.000000000E+00 0.000000000E+00
QUADQ28                 1.020000 0.000000000E+00 3.501520000E-01 0.000000000E+00
 0.000000000E+00 0.000000000E+00 0.000000000E+00 0.000000000E+00 0.000000000E+00
 9.988176926E+03 2.000000000E+03 2.009469792E+04 1.526717420E+02
-9.840230900E-01 0.000000000E+00 0.000000000E+00
DRIFD29A                0.496475 0.000000000E+00 0.000000000E+00 0.000000000E+00
 0.000000000E+00 0.000000000E+00 0.000000000E+00 0.000000000E+00 0.000000000E+00
 9.987763496E+03 2.000000000E+03 2.009497281E+04 1.531682170E+02
-9.840230900E-01 0.000000000E+00 0.000000000E+00
VKICCDV28               0.000000 0.000000000E+00 0.000000000E+00 0.000000000E+00
 0.000000000E+00 0.000000000E+00 0.000000000E+00 0.000000000E+00 0.000000000E+00
 9.987763496E+03 2.000000000E+03 2.009497281E+04 1.531682170E+02
-9.840230900E-01 0.000000000E+00 0.000000000E+00
HKICCDH28               0.000000 0.000000000E+00 0.000000000E+00 0.000000000E+00
 0.000000000E+00 0.000000000E+00 0.000000000E+00 0.000000000E+00 0.000000000E+00
 9.987763496E+03 2.000000000E+03 2.009497281E+04 1.531682170E+02
-9.840230900E-01 0.000000000E+00 0.000000000E+00
DRIFD29B                3.005070 0.000000000E+00 0.000000000E+00 0.000000000E+00
 0.000000000E+00 0.000000000E+00 0.000000000E+00 0.000000000E+00 0.000000000E+00
 9.985261079E+03 2.000000000E+03 2.009663664E+04 1.561732870E+02
-9.840230900E-01 0.000000000E+00 0.000000000E+00
QUADQ29                 1.020000 0.000000000E+00-2.458814400E-01 0.000000000E+00
 0.000000000E+00 0.000000000E+00 0.000000000E+00 0.000000000E+00 0.000000000E+00
 9.984411693E+03 2.000000000E+03 2.009720139E+04 1.571932870E+02
-9.840230900E-01 0.000000000E+00 0.000000000E+00
DRIFD30A                0.310801 0.000000000E+00 0.000000000E+00 0.000000000E+00
 0.000000000E+00 0.000000000E+00 0.000000000E+00 0.000000000E+00 0.000000000E+00
 9.984152879E+03 2.000000000E+03 2.009737348E+04 1.575040880E+02
-9.840230900E-01 0.000000000E+00 0.000000000E+00
MONIBPM29               0.000000 0.000000000E+00 0.000000000E+00 0.000000000E+00
 0.000000000E+00 0.000000000E+00 0.000000000E+00 0.000000000E+00 0.000000000E+00
 9.984152879E+03 2.000000000E+03 2.009737348E+04 1.575040880E+02
-9.840230900E-01 0.000000000E+00 0.000000000E+00
DRIFD30B                0.656643 0.000000000E+00 0.000000000E+00 0.000000000E+00
 0.000000000E+00 0.000000000E+00 0.000000000E+00 0.000000000E+00 0.000000000E+00
 9.983606071E+03 2.000000000E+03 2.009773705E+04 1.581607310E+02
-9.840230900E-01 0.000000000E+00 0.000000000E+00
QUADQ30                 1.020000 0.000000000E+00 1.016409600E-01 0.000000000E+00
 0.000000000E+00 0.000000000E+00 0.000000000E+00 0.000000000E+00 0.000000000E+00
 9.982756685E+03 2.000000000E+03 2.009830180E+04 1.591807310E+02
-9.840230900E-01 0.000000000E+00 0.000000000E+00
DRIFD31A                0.496475 0.000000000E+00 0.000000000E+00 0.000000000E+00
 0.000000000E+00 0.000000000E+00 0.000000000E+00 0.000000000E+00 0.000000000E+00
 9.982343255E+03 2.000000000E+03 2.009857668E+04 1.596772060E+02
-9.840230900E-01 0.000000000E+00 0.000000000E+00
VKICCDV30               0.000000 0.000000000E+00 0.000000000E+00 0.000000000E+00
 0.000000000E+00 0.000000000E+00 0.000000000E+00 0.000000000E+00 0.000000000E+00
 9.982343255E+03 2.000000000E+03 2.009857668E+04 1.596772060E+02
-9.840230900E-01 0.000000000E+00 0.000000000E+00
HKICCDH30               0.000000 0.000000000E+00 0.000000000E+00 0.000000000E+00
 0.000000000E+00 0.000000000E+00 0.000000000E+00 0.000000000E+00 0.000000000E+00
 9.982343255E+03 2.000000000E+03 2.009857668E+04 1.596772060E+02
-9.840230900E-01 0.000000000E+00 0.000000000E+00
DRIFD31B                1.071296 0.000000000E+00 0.000000000E+00 0.000000000E+00
 0.000000000E+00 0.000000000E+00 0.000000000E+00 0.000000000E+00 0.000000000E+00
 9.981451153E+03 2.000000000E+03 2.009916984E+04 1.607485020E+02
-9.840230900E-01 0.000000000E+00 0.000000000E+00
MONIHARP30              0.000000 0.000000000E+00 0.000000000E+00 0.000000000E+00
 0.000000000E+00 0.000000000E+00 0.000000000E+00 0.000000000E+00 0.000000000E+00
 9.981451153E+03 2.000000000E+03 2.009916984E+04 1.607485020E+02
-9.840230900E-01 0.000000000E+00 0.000000000E+00
DRIFD31C                0.264503 0.000000000E+00 0.000000000E+00 0.000000000E+00
 0.000000000E+00 0.000000000E+00 0.000000000E+00 0.000000000E+00 0.000000000E+00
 9.981230893E+03 2.000000000E+03 2.009931628E+04 1.610130050E+02
-9.840230900E-01 0.000000000E+00 0.000000000E+00
MONIBPM30               0.000000 0.000000000E+00 0.000000000E+00 0.000000000E+00
 0.000000000E+00 0.000000000E+00 0.000000000E+00 0.000000000E+00 0.000000000E+00
 9.981230893E+03 2.000000000E+03 2.009931628E+04 1.610130050E+02
-9.840230900E-01 0.000000000E+00 0.000000000E+00
DRIFDTA02               0.685093 0.000000000E+00 0.000000000E+00 0.000000000E+00
 0.000000000E+00 0.000000000E+00 0.000000000E+00 0.000000000E+00 0.000000000E+00
 9.980660394E+03 2.000000000E+03 2.009969560E+04 1.616980980E+02
-9.840230900E-01 0.000000000E+00 0.000000000E+00
DRIFDTA03               3.491600 0.000000000E+00 0.000000000E+00 0.000000000E+00
 0.000000000E+00 0.000000000E+00 0.000000000E+00 0.000000000E+00 0.000000000E+00
 9.977752828E+03 2.000000000E+03 2.010162882E+04 1.651896980E+02
-9.840230900E-01 0.000000000E+00 0.000000000E+00
DRIFDTA04               2.263278 0.000000000E+00 0.000000000E+00 0.000000000E+00
 0.000000000E+00 0.000000000E+00 0.000000000E+00 0.000000000E+00 0.000000000E+00
 9.975868125E+03 2.000000000E+03 2.010288195E+04 1.674529760E+02
-9.840230900E-01 0.000000000E+00 0.000000000E+00
DRIFDTA05               0.386722 0.000000000E+00 0.000000000E+00 0.000000000E+00
 0.000000000E+00 0.000000000E+00 0.000000000E+00 0.000000000E+00 0.000000000E+00
 9.975546090E+03 2.000000000E+03 2.010309607E+04 1.678396980E+02
-9.840230900E-01 0.000000000E+00 0.000000000E+00
DRIFDTA06               0.295500 0.000000000E+00 0.000000000E+00 0.000000000E+00
 0.000000000E+00 0.000000000E+00 0.000000000E+00 0.000000000E+00 0.000000000E+00
 9.975300018E+03 2.000000000E+03 2.010325968E+04 1.681351980E+02
-9.840230900E-01 0.000000000E+00 0.000000000E+00
DRIFPBW                 0.004500 0.000000000E+00 0.000000000E+00 0.000000000E+00
 0.000000000E+00 0.000000000E+00 0.000000000E+00 0.000000000E+00 0.000000000E+00
 9.975296270E+03 2.000000000E+03 2.010326217E+04 1.681396980E+02
-9.840230900E-01 0.000000000E+00 0.000000000E+00
DRIFDTA07               0.200000 0.000000000E+00 0.000000000E+00 0.000000000E+00
 0.000000000E+00 0.000000000E+00 0.000000000E+00 0.000000000E+00 0.000000000E+00
 9.975129724E+03 2.000000000E+03 2.010337290E+04 1.683396980E+02
-9.840230900E-01 0.000000000E+00 0.000000000E+00
DRIFDTA08               1.400000 0.000000000E+00 0.000000000E+00 0.000000000E+00
 0.000000000E+00 0.000000000E+00 0.000000000E+00 0.000000000E+00 0.000000000E+00
 9.973963900E+03 2.000000000E+03 2.010414805E+04 1.697396980E+02
-9.840230900E-01 0.000000000E+00 0.000000000E+00
DRIFDTA09               0.450000 0.000000000E+00 0.000000000E+00 0.000000000E+00
 0.000000000E+00 0.000000000E+00 0.000000000E+00 0.000000000E+00 0.000000000E+00
 9.973589171E+03 2.000000000E+03 2.010439721E+04 1.701896980E+02
-9.840230900E-01 0.000000000E+00 0.000000000E+00
DRIFDTA10               0.288000 0.000000000E+00 0.000000000E+00 0.000000000E+00
 0.000000000E+00 0.000000000E+00 0.000000000E+00 0.000000000E+00 0.000000000E+00
 9.973349344E+03 2.000000000E+03 2.010455667E+04 1.704776980E+02
-9.840230900E-01 0.000000000E+00 0.000000000E+00
MARKMARK1               0.000000 0.000000000E+00 0.000000000E+00 0.000000000E+00
 0.000000000E+00 0.000000000E+00 0.000000000E+00 0.000000000E+00 0.000000000E+00
 9.973349344E+03 2.000000000E+03 2.010455667E+04 1.704776980E+02
-9.840230900E-01 0.000000000E+00 0.000000000E+00

                                 1.704776980E+02
